-0.09303394966192452
-0.8112864721929035
-0.7420113902203608
-0.46469314441483656
0.5885328850562447
0.9772228150644933
-1.1783956660969461
-0.490381140175504
0.41923020458380245
-1.5794323375301185
0.6090404880146695
0.3295878049512659
-0.521106753621335
0.7918402861307695
-0.4966764617527292
-0.4740882483123343
-0.678557302270741
0.9644079222549431
0.8759080975607884
1.3254673556538583
-0.22640378655160254
0.31301853172442706
0.02802975690257262
-1.0561197171054997
0.45398369105599845
-1.7838334216369576
2.2892843700592405
-0.309279434397861
0.7747113526491785
1.2462229184962472
-0.6474042822404908
0.9269425032573858
-0.7036274855301728
0.8958680920167165
-0.9185590130158457
0.674533879253992
1.55999392251485
1.27303095379725
-1.6610693246688841
-0.9979293259426464
0.6533895223225045
0.8604753543735455
0.02702712598166658
-0.647364269804109
-0.10557772646356701
-0.9432465327383487
1.0091526133619129
-0.4821402528280522
-0.18123648566834946
0.4283991497077254
0.5957638622340661
2.346424416977666
-0.28135401891598594
1.9839141329708745
-0.079842591657239
0.8689211410070927
-2.2109763412627346
-1.0753120648784773
0.8271935472980642
1.1067176322947119
1.0022907859998293
0.7616909097157163
-0.0367658986865092
-0.9660056000503093
-0.39640826551639635
-0.3009927066828264
0.3180178039998807
-0.057322870362898265
-1.5506317066289497
1.709834915581651
-1.4274057354701652
-1.3326551818563657
-1.0969596575913505
-0.8434089226697111
1.0502102944996012
1.7005641564876346
0.563785743856555
-1.3226809327471925
0.07879775206391487
-0.7165721691442895
-1.5654443487365428
-1.8265860978058501
-0.9482039242731763
-0.8952868925630962
0.43835306588472434
0.8177921418961874
1.8044130793668787
0.6575637774331043
-0.8829428865994028
1.0330184099102406
-0.12864017447664605
-1.4727764449332008
1.170087843751667
-1.3940415355419231
-0.6072225077834267
-0.9908701130907789
