-0.04666498605080284
0.09228552856089091
-0.48390282229344866
0.07156873226103605
0.9170768948244902
-1.2517826403222294
0.7739917746256297
0.996938627710306
-0.8452010929678457
-0.19195599194836646
1.3380899975615466
-1.785218299250148
-0.473736323743257
-2.500959835494525
0.26500208423348043
0.13054881553318662
-0.2823844058370621
-1.3731009218632033
0.6809224282839906
-1.1404176810531932
-1.495567528168818
-1.7253119406414867
0.9326004006073537
0.8774401628706899
1.5258830328224193
-0.33616145384522633
-1.4375173204763971
0.3537308846141185
0.5510272135530258
1.1680437846353677
-1.842855485842758
2.1656885431141077
-0.4591881127968031
-0.4940772967894974
-0.6114955329182471
-0.15867080065324965
-0.4427092176427352
-0.1933104323522639
-0.13293988569965373
0.6256423626034844
-1.1827590793832392
-0.24705533788214468
-0.236139944589018
-1.0267875678110865
-0.2289664628531216
-0.324715530481099
1.9084300571685866
-1.0337382953130003
0.9721533725689799
0.10124850030835719
-0.3136451100814787
1.251616126225369
2.4629950284140536
-0.19407574103081404
-0.4946845058202728
0.8370191538737374
-0.8875949704321215
1.2221241538019323
-1.1922581035371853
0.4354298058225741
0.2453332217157287
0.11721697128095235
0.2746458699398286
0.6544180418657508
-0.9120618200329975
-0.2337786602228758
-0.677824222402534
0.20381774771946443
