-2.118875952190265
0.03118378268371053
-0.4525733681954569
-0.3632809684806584
2.2644251539385873
-2.59804672836603
-0.2276870374170931
-1.0464718464860305
-1.1534401688629183
0.0736808624167966
-0.1493530186031199
-1.9646500484100369
-0.5909154208314878
0.7310397302237291
-0.79805767770675
-0.8866760798539844
0.6860828797615828
-0.4078622114103775
-0.3764223239567135
1.17644606734699
0.873334070891821
-0.284812881300178
-0.45795024947194535
1.4639908458568234
-0.6370257339757259
1.5622152667250013
-0.39814687236398105
0.652961634480951
-0.10241740060759115
0.06580722120129477
0.4035515860278304
-0.007084192972392995
0.8557605182507482
-0.7419567044728074
-1.5988211352522463
0.4222428661505289
1.3854548976659757
0.06528604139013935
-0.3951343889897209
-0.26970896612227224
0.562007716539855
-0.8295923708743427
-0.04109873986185799
0.8742827947937105
1.378909651450885
0.18375939303028768
-0.6773600922518943
-0.4927848860002574
1.1614616947808039
-1.8941802146547326
0.7412724338426699
-0.41475228505121386
-1.4083385795421808
-0.4869235682466923
1.382561593181013
0.4888035528575249
-1.47393600212405
-1.0048823703074825
-0.27029488629644244
-0.0009209492493509845
-0.10296041694037143
0.5266848205596159
-0.829484158916838
0.5333792904835706
-0.0631268779232088
0.3376453667501737
