-1.043038028080502
-0.7842942146518562
-0.40321912067995586
-1.0156635833877177
-1.3899766484573226
-0.10648193420289548
0.8593323201565314
-2.0541656680322427
-1.4514114385428833
-0.33013475299221523
0.6010124278593192
0.7547626554209845
1.4070273258101627
0.7127951469460744
0.28532124355040483
-0.5408976388726502
1.191536405980251
-0.4561273210033421
-0.6365597894128996
0.42164010057487505
1.9426411822461962
-0.5628590993832918
1.068262059172293
-0.880512243892726
-0.5335633494189425
-2.629173327519761
0.3878325941973964
-0.3825343429180032
-0.1015585770674115
-1.5305623378600135
1.991804888496812
1.3708854548814087
-0.7194221420690753
-0.695194562189948
-1.8458621657939585
0.055202240228583464
0.8394794794564182
-0.4710428165446428
-1.5390588855133216
0.6940079835739194
2.1367497003509883
0.12789250274764596
0.6500257287844412
0.5005344027496544
2.1666871997336097
0.5064333103452718
1.2402184158540046
2.1122175623795254
0.4292652411504918
1.1171375326792685
2.468722786181166
-0.22442280678403634
0.2999837499722279
2.5414103844349643
1.0911096035053085
-0.3816908225819724
0.6737903802999511
-0.3094265742776586
0.8850550035445538
0.9453832799402199
1.9404839763352608
0.11118162901148443
1.4035252783019094
0.41706022718096136
-0.6256052770766637
-0.5742200218969391
0.966934196715056
0.4211348208192335
