0.7092611017951148
-0.7135367019218073
1.4278305002495697
-0.1630126932173836
-0.37726134219160923
-1.1928467640841018
1.8191968558834974
1.1233602019758153
-0.014590373408223565
-0.32584421436888333
0.21997073670694126
0.8685931122518689
-0.828255456789548
1.6354704296129918
0.8819276965218102
0.1123228979069884
-1.4220811659320012
-0.0033795116152915885
-1.1007795684948918
1.4017877454142795
-1.94269815637281
-0.5116174994241331
-1.7192933068879712
-0.13961832950798447
-0.13429252219877666
0.2781265353044978
-1.1843166303936217
1.6050453938085603
0.2222166475113855
0.09860250635874328
0.8377818817374537
1.4342679889133294
-0.21338624486227006
-0.5060909447109653
1.6641123744262774
0.14258367840554984
-1.2453039633440222
-0.49821189776807584
1.127167456623571
0.8491355745943572
