-1.744960713745624
-0.7676204649752006
0.6406146746419684
-1.130075079379545
-0.3373030546846258
1.2548510540238162
-0.11503130646966778
2.13769360072286
-1.5217107757181518
1.1429171728132526
0.344135607933883
-0.6973030433190737
1.6241094439114625
-1.1726677935645367
-0.9673974479528514
2.056399506279148
-0.5533164171144587
1.7867637620392582
1.8238967866773856
0.5945697716642837
0.5127577298592985
1.0996565205126123
-0.9658765337951934
-2.3297844170456994
1.1904628177136873
0.9870027090656593
