0.04711587297315023
0.5037453136898346
1.705119584852746
0.2883236114608768
0.680061125442192
-0.12975526006740484
1.2989941773608025
-0.24137661443361266
-0.8940238503884546
-0.04459741523100163
-0.1704443365406122
2.043881637013615
0.6402855231165264
-0.9700628687205761
-0.4705835840273462
0.8384352218678889
0.9873068381080866
0.7811763700613473
0.7306873456592382
0.3771896838383466
1.0124303633388152
1.0518583313649223
-0.33798337014926233
1.180670062964779
-0.5679322672111331
1.434054581687213
0.8611246362961166
0.7288900926615076
0.3673493740422837
0.033905707354395014
-0.5083618758831648
-0.5056306087212885
-0.9692458096868402
1.0164293754476719
0.3425687788944666
-0.07109297943968872
-0.7715420098468326
-1.0304208437887254
-0.43361407055834905
