1.3555388404814062
-1.0553853184685695
1.7284485509496608
-0.4164247324642261
0.15737071162099853
0.6900079922571928
0.14040747169632584
0.9369804222002495
-0.1240365154418664
-1.1092254521290912
-0.42618449682328996
0.831737718912275
0.469877488611036
-1.0446227600822078
-0.37236939819981196
-1.4697707550594394
-0.09823210217549709
-1.6685180961043582
-0.6647553341539131
-0.12948450377962906
2.5492754537210476
-0.1702655151023386
-0.2471106338330189
0.18304827388730774
-2.1524916938796617
0.616051101836939
-0.017243493913606148
0.8875147537513383
-0.12290219610044877
-0.5136371034991075
-1.6349050112582713
1.5191870814122275
0.5541827813817543
-2.781193699944991
-0.6213437981994505
-0.40046618183715554
-0.6929083196876222
-0.13115087064691378
1.524447493191632
-1.4079615778983556
0.6669942758018671
2.0886593890756733
0.7872973314288864
-0.375844372184114
0.49559236020657876
-1.601193587687853
0.025242605809499014
1.2282031471341692
0.27035320403154806
0.4850227368188025
