0.11425306138889876
-0.957607466520944
-0.05255692375774017
-0.8476426872975749
-1.269376154716661
0.54153010755114
0.07716018244827558
-0.3637485819020227
-0.884218259515151
-0.5020269272382654
0.9660206867398263
-2.504808737237614
0.4581363852618636
-1.8552523224457513
-1.781878795715783
-0.6043852187885348
1.3276187860688076
-0.8364678187179477
1.4470713422064605
-0.7128331239886707
1.1396004538008873
0.5867509251323271
-0.7007474723204387
0.06174615588900242
0.10867005256645199
0.5951562038427904
-1.129426738893988
-1.7763791397804307
-0.12816033790363288
0.20036417414000562
-0.13876481446313185
-1.0733979931370823
-2.154548289182844
-0.48975984239229386
1.255170336375499
0.6455866496559886
-0.36758647845278314
-0.7401442029891481
0.999820999023822
0.17162585166703503
0.7719018010804637
-0.5182648070704393
1.2231227893423071
-0.9137765639490479
0.6483488916489228
-0.44139980815540586
-0.6955743728300685
0.7816005260057803
-0.13539720703062372
0.7096351875964872
0.5675888574919407
