-1.7388210751431044
-1.1544011549948254
1.2847516497700322
-0.7152819521406353
0.2747432601953082
0.4684446341126755
-0.05259371466539407
-1.2062225613324953
-1.819706450713024
0.936873792676331
-0.30115694024178213
-0.4510446263999885
-0.19934416215167786
0.7143543750483916
-0.8741641789211555
0.13837331189570326
1.4065174956473216
1.3889976678840805
0.034520374639933495
0.7445677617675867
0.28897503478709563
-0.6212437931631176
1.2519618476573446
1.8792958279669112
-1.382970599255997
0.2292359888353249
0.24226470058960553
-0.514661060203004
-1.5965163157714028
1.5218225129718033
-0.4277710383716648
0.04084715004357195
-0.9925011109543165
1.2633582501787037
-1.1933610732563318
-0.9258457418059238
1.7041662936008288
0.6366091149430883
-0.19832270515446343
0.5832767700038212
-2.3803501718001945
1.0002609233503807
0.23100971729956782
1.1495801189398112
-0.4788657010901573
1.041522319969681
0.011114534596216146
-0.5825352208608461
0.07497400600689692
-0.8922223178531218
-0.5939888062930593
0.8226156806678216
1.0195967041266671
-1.0338450308839289
-0.4535010616510993
1.4700990207518678
-0.851425078829363
-0.033937314307335265
-1.5842794959283566
-0.4420065374315788
-0.24893521587610348
0.8366420473650028
-1.3100503005458484
0.627934734741451
-1.085738014082784
-0.9593868594295816
