0.6689189616903448
0.6400215285892566
-1.664907079931609
0.13644834022292607
0.2973666419752062
1.3558683900023918
0.6496509288615809
1.1133247408708076
0.3640079011221519
1.0757975189303302
0.037436562729460506
-0.5212665909219498
0.13678247804462693
0.9141117496511084
1.0599275346811594
-0.5452932735892193
-1.5506164849898505
0.8417465362635533
0.6464420989845303
-0.9857224621798829
-0.25827484447803717
0.8277785290777213
0.38065551888040133
-0.1419317437638787
-0.8443703404511649
-1.3056228486725439
0.4440716698338642
-0.42654236605443346
-1.2040809217657567
-0.7068364880630608
-0.10026133220744124
-1.3070190205441221
-0.2893195969159355
-0.593039333138958
-0.9263799498680017
1.7177405659522345
0.17859036598482356
-0.44344050828106746
-0.6310374081328097
-0.34871043271989927
0.15794892563719412
0.1804426733860879
-0.41687056576933024
-0.9255503439849617
-0.43162830456944573
1.2056182959303712
0.01323400294546951
-0.32524523386008397
-0.20252529649067166
-2.9820488220395753
-1.0689384577733632
0.19126302797711198
0.3485895260486962
1.4142070757922958
-1.466725156036429
-0.10327934574065534
1.14094312503066
-1.0369428839830543
0.3248867645912729
-0.6383380496568853
-1.1231610980929014
0.5555179187340377
-0.8666237282992922
1.842402827309174
1.39070128168614
0.3931952813838626
-0.36148692475257926
0.27039347090587146
0.3430704752073715
-0.5927271258481565
-0.731410951435614
-0.6973881089503379
-0.405535180037091
1.0429199515261078
0.613417027114197
-2.063660733950318
-1.767025470823999
-1.0837275435442604
-0.34252107156566786
0.2908768698592386
0.0034209463556253462
0.5915986177080458
-2.207898449268318
0.3796730746290925
-1.0566740561535608
1.035328945921553
-0.3386384891170835
