0.10968280165134484
-0.8884957754110172
0.7243642566419167
0.5708438888656853
-1.0464491285918676
-0.07766820100896639
1.3438480687638499
0.13678180313723382
-0.6581029932080298
0.9733658830633369
0.8475309467013825
-0.057047776895399326
1.4772636824743997
0.28014841113706734
0.26279055091961756
0.10974328730189756
0.34908194937285847
-0.6074765390307618
-0.8225302127026112
-0.3735859050719057
-0.7086452661579057
0.3606626574322478
0.5791871341628327
0.3135350176296322
0.8200909679477322
0.5481790344759359
1.6111779870288594
1.779384784601503
0.5475943665465852
0.49644515046941795
-0.5264144234197363
-0.724042019288105
-0.1539235169460679
-0.4022137467652379
0.8744790326524755
-0.36035197392778134
-0.38817193629272645
1.0780718514744092
-0.807008217299095
0.6560733305356038
0.7882142708805493
-0.8378972966652956
-1.4308711419519469
-1.7389896482780522
1.1086560269621544
