0.6864351099920126
-0.8023757440669582
0.3407181549222953
0.3094153166347477
0.7644036215979031
-0.831164147670707
-0.8573708813636601
0.6090003538625428
-0.3714126551849474
-0.5107590218918049
-1.9177486173189253
-0.30799945889082675
-0.09101960233219106
0.3305080126857492
-0.34918799683242424
-0.14033721963296003
0.6693210568868423
0.7628803053196603
-0.9665900923288374
0.0020165383368305778
-0.3593889746102432
1.4084329525831385
-0.34452973006469895
-0.988340570729564
0.11748599387718993
0.4865272522363844
2.1517345171137907
1.1285219382965657
-1.5328579620001952
-0.9569286464643106
-0.8251200951160408
0.9873983219112286
0.7856331478464932
1.1916435241792092
-0.3524590616567281
-0.21139021713438316
1.0078931156651734
-1.1258286538718023
-0.8337381326004321
0.11286674544097787
-0.8771423311796155
-0.36619531956188633
0.8370424122364405
-0.024234000084670086
-1.0563965122029104
