0.06507270982727105
-0.37303098370086457
-0.44160710803677533
-1.2920732172273912
-0.55539877754759
-0.8675807298120571
-0.7950604642857009
1.7787515146677861
-1.189689396810893
-1.418068274665753
-0.6665232983520701
-1.4752873640550959
-0.5711579638592121
-1.365883011829154
1.092110639660441
-0.9060975896105599
-0.16864383336326388
-0.12718942909271846
0.23334392915472343
-2.329942629486225
0.39395060912722035
1.3815153411922731
-1.5018377158158165
1.1874620805936347
0.08917029356689282
1.2714751288594877
-0.14111784926386373
-1.0086427947126448
-0.5425864081584095
1.4055945846756646
1.5970690928399758
0.7271868265524976
-1.7057887656517332
-0.8557806673930618
-0.5678649633516264
-0.5249217996252725
0.034643601276969145
