-1.5784473453475338
-1.0093834876741108
-0.6435931168036809
-1.721480747306134
-0.6464882244708882
0.7932241120765329
-1.2074831310494603
0.6316605754961175
0.9170494289124882
0.020256659864907205
1.317381324887638
0.13833386243385995
-0.4913170324929579
0.3851601878449772
0.7308736450954361
0.9323968047828638
1.2264595130008178
1.383098851073599
-0.3885924517470195
0.9514171353279164
1.2402387169881197
-1.296878217234182
-0.19441120725310654
-0.7400132537298009
-1.159828737580483
-0.8250556087163033
-0.13120327017070332
-0.16271553876509043
1.1439070869446293
1.3435484169635679
1.0180575245123766
0.6857379167660431
0.254552232225825
-0.6948778634313448
-1.5710008950145604
-0.3152072368318457
1.6529395953117847
