0.18904847485979243
0.2514549810112873
0.8795194906555565
-1.2700410496900545
-0.12072713266240338
0.9619272323589305
-0.03352806137983414
-0.32925610457738824
-0.7105594580924683
-0.07928344252450771
-1.1787447590061342
0.06099109048878073
-0.27246738306294144
0.6367012200500464
0.022705004364245523
0.21886674484791593
0.2237510869062968
0.18289553357124388
-1.9005802173567021
-0.26388984724445147
1.2589209791014921
1.6410598461941388
0.826235274992622
-0.069269214942579
0.6014077974367144
0.2057630053082415
0.8022958543978836
-0.16821854655360394
-0.7983051859575893
1.3973704951451213
0.6430781078174805
0.41142970534513473
-0.9280663143518503
0.539657047420257
-0.9273041478832766
-0.23988907317679115
0.6078790267488492
2.1752452253030983
0.43205713669361884
-0.2748567979292754
0.4994536794871046
2.5003734311583115
-1.5319456411088046
2.503303765267458
-0.6254505490892212
0.2687690703126948
0.8911049162430892
-1.3812435369080795
0.6519154512591454
-0.3271832155516113
0.5062148641179591
0.2977089814222415
-0.6263813865554552
-1.4072574262652002
0.4653923491952705
0.21358528854868689
0.39886180367413276
0.26913754625008657
-0.3707801404536218
-0.5030488912876746
0.8527108581298902
1.1219990481322757
-0.01533770611977127
0.9158407894282565
0.9456494792242711
0.8674649905837293
0.25618709646666055
-2.531116837284471
0.4523088338597373
-0.4256940691518544
-0.3731762674650221
0.8626269053141558
0.40431745564707344
-0.9072814346764283
1.6266448138091743
0.45713406145077967
1.4519940906438527
0.9487362091521993
1.1839026838369133
-2.5088260982045725
-0.7509210652677178
0.06534095880228236
1.549390811989908
-1.2651854150540425
-0.1280459103353786
0.07408256278170254
-0.5566099803057648
-0.6684857035868123
-0.7639232272049012
-1.0106144440998028
-0.5362834878087697
0.11395562309084449
0.6860994805669614
-1.0617237808738575
