-0.2092100069648337
-0.18069802269689478
-0.9502997107866106
-0.06734027032848346
0.9791969242983699
-1.2868730129325383
0.7093933567744015
-2.193095895159756
-0.8483395525788532
-0.4666018706173486
-0.8000522203898534
-0.6204316103389931
0.8617281301502355
0.11925260920850003
2.280301825202737
-0.10273195096974402
-0.34643341484971085
-0.22544952852051026
-2.0256745587953144
0.6011219668537658
-0.5887303143582864
-1.8909180693571226
0.9654439992842216
-0.5942258385364396
2.1201503176803986
-0.5460255137855635
-0.17410536494114018
0.8530043713183607
2.550377453371587
1.5383147407816182
0.2884435594181602
1.361554115055466
-1.1819004102680777
-0.05168998444084022
0.7080897254893157
0.5005958471657473
-0.24998775596274114
0.48569072097555827
-0.11347872984151633
1.2400874495624383
-0.3318207154545717
0.29240588809148377
-2.4028071159631055
-0.23046043320038728
-1.782046469951984
-0.08285758556671079
1.9052149784956387
0.9585299210541278
-1.1683214847234342
0.13368973353880195
0.36808479686717244
0.26632915680962244
1.010602311898471
0.38127037402020647
2.161250323762005
-0.036029242967222645
0.17043537481679127
-0.7082543846180205
-0.8883701872776705
-0.08944022282228929
-0.10981261613409309
0.1173169986162396
-1.0658084241060743
-1.9608902494080258
-0.8631956677704371
0.5749559184254832
1.7192324609156173
-0.5540488081441279
0.1133429583872627
0.9534236605413554
-1.749850222429792
1.4792156799271095
