-1.0884303354339244
-0.8406554635479906
-0.7482697667460395
0.02036898063717156
-1.4927632029218059
-0.7371690271322254
-0.21228404495258218
-0.17200833173526173
-0.5611357649510806
-1.6551196416042242
-1.1958408624941055
0.07037812080747505
-1.394620315503903
0.1421651786082888
0.28282323780010393
1.4256286593738554
-1.5347022331381488
-0.6402110089793163
0.4452977811586143
-0.4665572696794362
0.49686635842583954
-0.27947608445666194
0.9472517716278015
-1.3776404104750148
0.449880425989227
0.6165145290069942
0.5237262763977647
-2.389303111234833
-1.0157388263498148
1.6548421832522804
-1.678581354100687
-0.16433664092263398
0.40330349411436495
0.6735426676704139
-1.0176487690364566
0.2169654675088791
1.193635270556659
-0.15446814069060733
1.5647543382472273
-1.0608896779126598
1.403793451413988
0.8776613919338082
0.46300024412196494
-1.7913957917873131
0.6725469838651189
1.0455728565453168
