-0.34913126660625265
-0.40187564563628697
-0.5223201224621319
0.14964336710317952
1.7711052070828741
0.038568806015294894
2.222193352442757
-0.2814961833876247
1.074110793406739
-0.43809296678473686
0.37706064976302883
1.8565486234600745
0.7179131848841925
-0.7624783378710275
1.0695411862094288
-1.2407582166462254
-0.014597538097049825
1.5206865311375755
-1.4369856837528614
0.5513991115816228
-0.8339695233091153
0.8116954913167315
-0.4273090090622697
-0.9918357959444868
0.7002448848400254
1.4895227200113665
1.2488612387407731
0.13899600903590212
0.5418311712843393
-1.798519104802169
-0.4127498080698606
-0.7646421993797992
-0.37658490576566406
1.2849197433235706
0.8947716135512287
1.9954515760606564
-0.658903399820154
-0.6951663339936356
-0.2908658584842096
0.4639575635129816
1.6444653777602263
-0.2183351688723079
-0.6917252861814788
0.28985197277122376
0.8330063922451464
0.7920379467115428
-0.04079873028681317
-0.3493764353209629
-1.2344018007360669
-0.554711190790367
-1.3383049238011708
0.11605439436604251
-0.019917361183652886
-1.2235089474933387
-1.319028791554982
0.002160655058360434
0.10165728541810093
2.1760623298193944
0.8268855199665498
0.49656301856340007
0.7368041315405144
1.5247052908376688
1.258682590821129
-0.8595489791143068
0.2691339472987357
-0.4815535793653767
0.9236679597864506
0.7515292937327506
0.4200240173370183
0.8018036000282642
0.686552050138419
0.5123799848564664
-0.45963164847845894
0.5976919919828779
1.1408283921337565
0.24099064909232779
1.0194299233043231
-0.21514767753376385
-0.1785968476517538
0.8718592885536902
-1.20525452157899
-1.4490404483768102
-0.9205328262144764
-0.14686598858825034
-2.341327422455413
-1.4211368256285322
-1.738359742057483
-1.6244748363306984
0.9276266496324949
-1.3066685601510828
1.1229560245841628
