0.7874265211433339
-0.4196086905604006
1.0170850597838
-1.1361106460517023
0.05108457893303865
0.4634640447390748
1.1647095063127655
0.44476755117100025
1.381582123279801
-1.2065877710267172
0.46655861996100145
-1.138898971030674
0.5216551455446833
-0.13167989413928013
-0.35306570410664284
-0.7461558227797428
1.0908896837407682
-0.944131294106635
-0.36798534997126164
1.2191820922089123
-1.0039323523445176
1.9464496994832978
-0.5263444994868702
-1.691190730383593
-0.1624760687147525
0.7265240478927103
-0.012107628783620194
1.350032380813844
-1.7347624817126077
-0.22446799590774125
2.297740420918566
0.5643332507111736
0.06983032414905042
-0.8691351365323317
0.28969217996652424
-0.8904610019617424
-0.25006592045251336
-0.1776627702002677
0.23735472826462517
-1.136541896931437
-0.21312155126730326
0.14793215524071704
-1.409400796738755
