1.1084386517119162
0.8773172828588389
0.435380895400247
-0.43633333279262837
-0.18280017575285443
1.0997480534904698
0.5993487062856112
0.5500077997180226
0.856044537427534
-2.173479010308998
-1.3478067075486064
0.40903239799719077
1.1647846054484534
-0.3080892265415877
0.17686678113897852
0.4104263773101677
-0.1068885505403137
-0.4251861324986501
-0.05687364912817222
0.008754746244153124
-1.3370988584976973
-0.22688727293632027
0.4757561200631984
0.924344971728145
0.7419402558503863
-0.2472432827472094
0.4420296678378581
0.39681172573989204
0.13795596065356866
0.3051785480915415
0.39730136281130385
-0.19695070063198714
2.2763217772183313
0.09903417960849631
0.5850205232260917
0.6927453622766955
0.8522021128221398
0.4379283030670825
0.6663975717527497
-0.4108254895610391
-0.2582956114252212
-0.6202514862596445
-0.7490723398952384
0.124354321464251
-0.6208281611784195
0.219444391208501
-0.6775021493037282
1.4779374160922125
1.3644129164603684
-1.1791353084593066
-0.0494607310989349
1.06775604632705
-0.6227103912881601
-2.5932222964033698
-1.9703423107502316
-2.8521078571120118
0.761563042237088
-0.37238635529733677
0.3769590703462298
-1.1260050265493078
1.602596775514433
0.3391750762066848
-1.0773040106991747
0.11968046279042203
-1.2347496849935702
0.8547967937746334
1.1611793357031894
0.7201235579182999
0.3099793047654526
0.3817510998916185
-0.4988734291996402
0.08829430250024477
-2.483652274555031
