0.19930595610959512
0.8167813358683411
-0.5048227835849592
-0.5354461431058726
-0.7827626822374208
-1.6016988355725175
-1.334996487410267
-2.6883930652796413
1.2515891398269705
0.29766611404016613
-1.562676471204107
0.01432354085631686
0.25546655679237273
0.6951175312247249
-0.3787348860263279
1.1685438821088274
-0.024987383754093897
1.1948932175147822
-0.8408330542574014
1.2122295660753721
-0.1205535068028816
0.9426917616181948
-1.2139414089768201
-0.6795283915520117
-1.3237958455278294
2.311048452256402
0.9460322390611976
-1.2076431389716156
0.851950598644713
0.26008561764463217
1.0692600290489678
-0.32787065146190936
-0.02710533145916313
1.1236975141455694
