2.4113371472630756
1.2654321865214788
-0.5882207648669685
0.6780875086673417
-0.3639265742732668
-0.7666532541373109
0.6892060729157383
-0.029266561354583828
0.7655730740794614
1.1821113387468316
-0.5528072474670181
1.1917667247745016
0.875533852044873
-1.842752591335399
0.9106510963036195
0.5479555383525715
0.753980564791664
-0.8089722158202893
0.7454699167802421
-0.39689511129251615
0.505113444545123
1.3813258974152782
0.6190216969998247
2.5121034887667943
-2.106293939799463
-0.8908574253122865
-0.28007487986666474
0.799232301035553
-1.0210754039967325
0.8692394577873953
-0.2044184338795868
2.115366237837278
0.8839242308564211
-0.23474853404017246
0.45174182685460695
-0.11730009445712207
0.08410202869588876
-0.6294042590811532
0.5243841222577066
0.5558027981358836
0.4280813263232667
-0.06119468761759947
-1.575865587639709
-0.007089835605411321
-1.8389375411846347
1.6220644908328619
0.6605751412201741
-1.1938430821895494
-1.6598169891332366
-0.4340544337052843
0.09745924444304868
-0.44011352995142816
-0.8630174411731173
0.34494399152533295
-1.0316945136859828
1.6537594046769142
-1.1018425553336737
-0.19805166682444714
0.40757278937229935
0.8890635728065689
-0.0642792525279317
-0.02801218215106292
0.2403552334648329
0.3494243581645256
1.3726209247375565
-0.3158116841652097
-1.6118838165601326
0.5979601998844825
