-0.3336065747524947
-1.9131226874059006
0.03848979443971783
0.633787158881015
0.2216895751712582
-1.6227791162922554
-0.0015771499569891855
0.46603072588629035
-0.999524325233717
-0.8086263310581706
1.0675992005183161
-0.49983898301043866
-1.0943966617145988
-0.31052282857901536
1.4523964349475462
-0.7755717781896423
0.8066264819020033
-0.5794714006401646
0.4742291987898991
0.9762857610126117
0.883358170103014
0.556537103484758
-2.2879848712109796
-1.3456449218213948
0.7945814469658256
-1.1632076543178516
1.3052446441763115
-0.9834167575210595
-1.1902970007200468
-1.4533513243419742
-0.7982924049762917
1.2301148088519347
0.5099485762436825
0.658224322790279
0.6670196914292469
-0.7438033516312615
-1.177092798847963
-0.2463960170672345
0.08411584859513781
-0.4711241242781787
1.880576578689712
-1.0783658601410406
1.5143523954966254
1.343034495918048
-0.24599329342309934
0.16242412298003983
0.9919974639254566
0.9432017891573148
0.4892531918333213
1.076307433238936
-0.4065705021967333
0.4766403562676753
0.6404171711478276
-0.1993618003190934
-1.2015526677623696
-0.38578637090452295
