-0.7626332576907837
0.47475876279555856
0.21055373411884756
1.6490135712662608
0.0737536688051076
-0.49187217878297196
-1.2739676767843298
1.776940464838667
-0.39173990608983655
-1.2103861128280802
0.9662703617100468
-0.5769177543363183
-0.33644953342556155
-0.5707774931230236
1.3708983638055456
0.4422707698218272
-1.22951674322603
0.33354619972232474
0.020441080367394136
-1.0076779542468435
-0.6485764852736389
-1.2547376417665483
0.46248811708637244
-0.2376086009384117
0.6190773297393387
-0.21261712354699056
0.6855749930029291
-0.6391864043330548
0.4678267165044686
-0.2113156157791075
-0.3924298059972998
-0.7492822308090923
-0.6035085348546044
0.6525265248001499
-0.21069970620704428
-0.7288200937099365
-0.22167166222473222
1.0864551102490954
-0.3733252242928122
0.6430706988956842
0.9172453090800886
-1.590844667924679
1.9691033001379339
-1.4191036290027272
-0.7709982077329415
-0.6493972198681363
1.3498933957950863
-0.11589495894284475
-1.0928269185575081
2.63819201888022
0.052722479555813634
1.1552437362762362
0.4875207430719308
1.3653042463462122
0.9422824516702806
0.9167045486402547
-0.206208821405105
-0.022682804101634733
0.5515534606154961
-0.09209971298778058
0.14760850237575118
0.027376856151607534
-0.0028109682800265758
-1.4693744935349287
1.5155065981196205
-1.0818765872554168
-1.710822806994506
-1.3775695465942743
-0.9751330925594028
0.18055508494669384
0.15185583969134997
-1.530692382463569
1.6521782109565932
0.2705502978615246
2.8765566010405514
0.8274933724956705
0.17731100253558424
-0.052322789376389706
-0.6566505872413784
-0.08108787677386813
-0.1520931809153395
0.9590091636604575
0.40902708424001155
-0.4682838811798929
-1.7601442834192296
0.43237272738844895
-0.34632708839158954
0.1492089323429769
-0.478292767400441
-0.7724620446182053
2.25835989362928
0.5456507911250927
-0.22906568459062654
