-0.25875167433778057
1.3745419922365694
1.6975726015083827
0.9178175702965982
-0.09697999332410269
-0.40656806881665913
0.3580480279092751
-1.7634816279720713
-1.241773783549404
1.7110891750325905
0.5254532664493903
-0.174670399926176
-0.912001438697803
1.056904994520132
-0.27512467061272156
-0.5001289045308008
-1.7761181981971546
0.7710919786383132
1.2374332528428813
1.1254560121597577
0.9076850171654194
0.5792837662953716
0.8477987331972386
1.358740902375468
-0.9182745390341032
-1.0698346883848633
2.524980577341029
1.5657545372670578
-0.6602577832860483
-1.5466457808987977
0.9174063136163346
-1.1987557716427168
0.7943307398329422
-0.4240007323767867
-0.7229836049303167
0.5136062874760582
0.0023104109033653944
-0.38772197148645215
-2.0941319264485037
0.5079598185425144
0.1768474561648552
1.7389050605249932
-0.34051613055927066
1.9671407109427352
1.0200729599847451
0.4908184166723278
0.8786610438255119
-0.07505907277695688
1.4735744437205984
0.5019392268664253
0.021903632419953974
0.5571154367222991
-0.6424554430993361
2.605901268295214
0.9891023956933537
-0.7199184719714895
0.029093311434315018
1.5497784291601262
-0.9371789579868844
0.2398696461087956
-0.9332933439616588
0.6027216464776106
-0.0773267366531269
0.004033262297900145
2.3914076127558443
-0.3139342292251602
0.1965089387672577
1.2608232978798437
2.0487269945120965
0.1808328582682307
1.033015686141901
0.8552693425252935
-0.64066118531236
0.3904784913210139
-1.100961636948608
-0.2378448190581506
0.15565509805771147
-0.5287943087020271
1.7344200704754063
-2.5093515952818852
-0.5318923769006136
-0.21543805558205084
-0.13165930216486374
0.16426125199984015
0.17279241406811538
1.8605739134187051
0.589057802512119
-1.2888625597519714
0.6786729521762923
-0.27637233055096716
-1.8335308995837198
-1.1287581162495783
