1.2706686378254846
0.44378213231016195
0.2019049092071021
-0.7475867867010253
-0.4072116592025444
0.11842610779052398
0.671897824041414
-0.10258776365100054
0.8870986186035862
-1.574508348937184
1.5130337249029853
0.9349815109339126
0.9891739989068791
-0.3643109880186895
1.9568701173188756
-1.7445405422564664
1.1827182609247224
1.7509500898222476
0.7853129797222381
-0.5463565957569924
-0.9419768917594992
0.9946149885204343
-0.4566862863655556
-0.4357184386837316
-0.8155690104017642
-0.610494486412994
0.053140916751168873
-0.6731357956909917
-0.23887603266123172
0.46032534379495393
1.0223813355788784
-0.9852790070587111
0.9612725074784919
0.29023999356634267
-0.20065381671985288
1.085631600885088
-1.3510043015465578
0.2403498415164569
-1.7416785122123435
-0.6149823948032207
0.6201956217831094
-2.038967894270945
-1.0991157261035762
1.3219471793352553
1.9518605727724652
1.6529619154067174
-0.44633481878091236
-0.19062754566559992
0.7232484675816133
0.5891284038104687
0.5175682851748964
0.4148166713686909
0.29088949253100577
0.959285479735959
-1.9217078656936113
-0.31755892666233737
0.40079534943251244
-1.4281298763918788
0.5328150600213577
0.04548723973680458
-0.3306557298620344
0.37554474183571024
0.014939570498949395
2.0687177999867465
-0.6682607758202911
-0.05379226971528882
-0.23209332711829164
0.08423887896405689
-1.7141293835468054
-0.830358797620654
-0.6090747096341459
