-1.0241939243603886
-0.2649164069476402
1.275912789062456
1.0389580252043698
-1.0702029517588134
0.48309287213174235
0.23284591783337272
0.8893298144928192
-2.2232397474083805
-2.268612420898637
1.1743819688589332
-0.499366584324842
0.9236690917146569
-0.11895843254069556
-2.6379002169574264
-0.16629303275345333
0.06180764099785052
1.886040130050934
0.21294515005683742
-0.46675412156117096
-0.1935947857860789
-2.110602233496782
-0.2344570828042055
0.43626411081050226
-0.09883549526309993
-0.10174633359436061
0.7671856303079997
-0.41211604864438345
-0.5523939017093437
-0.12455148185122666
