-0.35165824299514314
-1.525848082358691
-0.10364350829783493
0.8299551057733451
0.5901367204585877
-0.2296886992539654
0.3429008658629243
-0.8290088431563443
-1.0775184205179207
1.0697994416101348
1.3106109267899821
1.6513474232135719
0.1612226176831148
-0.5096977012383371
-0.005782255435571709
-1.2166003226914408
-1.8365015939886624
-0.35249401738299285
2.0579743750845823
0.9077469054377212
0.17983074509465427
-1.0220043920678268
0.6891572799157537
-1.911022736317895
2.4471157719872125
0.8199299622451743
1.1209345396419543
-0.9215402782617744
-1.9375698564365598
-0.03553199118074764
-0.0059117474018158854
0.6643893507870645
1.180416274035497
0.33994125605499154
-1.0314835524953228
0.8199793762491533
-0.3371324648173873
-1.8952182153496078
-1.1522400491621156
-1.796437678750646
-0.08380152194460068
-1.0770200039722344
0.48144412691147154
-0.42296388651670913
-1.275228577839572
0.7353223843306199
1.2708719907264685
1.2928333832564636
0.6735608925716935
-1.2565142585338667
1.2881226541619653
