-0.8796792827088592
-1.7550532219098074
0.4770947648624153
0.6094837784392486
-0.9644503674874038
-1.2133283263148202
-1.795935765585799
0.049060355406449124
0.29807256604803883
-1.1996373946698182
-0.5352396732716537
0.024034697924989724
0.25243168464682514
-0.4452015166392759
-0.6094173151876844
-2.17118631295865
-1.5948093868653035
1.6934182041950483
-0.9147972734666682
-1.8571558415389813
-0.5566037456471312
1.0381557204782632
0.13699805460869283
0.7874683429448897
-1.399405185050008
-0.5411251136954744
0.05573369977645395
-1.0381273528856414
-1.4585861367791544
1.6689127020866008
-0.7751855950842056
0.9801343504379467
0.8911122175151427
-0.6986049482332803
-1.1686658792830693
0.9516411917944928
-0.919061719176822
1.4341942178907414
0.29055343020924423
0.481064092384714
0.3521138111560108
-0.3517276545895458
-1.3648156106459643
0.9541985626127654
0.5290250851779027
1.1345588847576695
-1.6145332681903568
-0.17981797038684919
0.1529832081854072
-0.5109749385034112
-1.4229504960008532
0.4274464582313177
-0.6542680102421
-0.24953841257429002
-0.2511274002191647
-0.233370015179304
-0.7771988709038015
0.05722804984170984
-0.20605721518803627
-1.5323277262121626
0.4822391998235119
0.7735717012732027
-0.6865387351486991
-1.5737773598433613
-1.4586364847119275
-1.003113382377986
-0.5293608157191699
1.0585802640435118
1.124273072764397
0.6583144609459627
-0.28374548984705233
-0.2120431261990727
1.1868684742475413
-2.216535013343787
