1.3123189308098797
-0.1201839440117966
-0.5844209125856711
-1.6817123494927237
0.2303602430486493
-1.1804008078063817
0.43304369746199006
0.8268949758531619
-1.6037088719323456
-0.312211785581119
0.10215158338000747
-0.42924507340186085
-1.5659428027314573
1.2370865387782004
-1.0950533682081958
0.048075979978482127
1.1191102825941126
-0.477533017113034
0.8160513471558981
-2.103099192308307
0.3215665888986992
-0.9105640807808066
-0.5377998010688975
-0.746765021652867
-0.458183005625557
0.6868159791140632
-0.3838708429363301
0.2542560890161311
1.634280871812036
-0.6143679026670354
-1.8752414000794273
0.9451761593148006
-0.45979124166184837
1.2978889615805151
0.4400662681839772
1.380731481868846
1.5472045950967628
-0.06940100196296888
-0.1393169165596072
0.16943624037910818
1.323401827377601
1.9825976511093892
0.5811035096996618
-0.8335759743483467
-0.7325275361419289
0.9429240075555538
1.4278901350113797
1.9056446789135284
-0.7214893544048797
0.5364682592680038
-0.672826576198836
0.6798629878661238
-2.739318185162738
0.8985865926271377
-0.7635573916799645
-0.3406311990677211
0.2858211497334994
1.4891721461482847
-2.3531938243335495
-0.04101505099782473
-0.11473718518545387
-1.2643702387282807
0.6262311292885162
-0.3726064341528826
-1.2049910841035687
-0.9203029953081994
1.6327422891760566
