0.802605860082485
-0.7763555994846507
-1.19061676030417
-1.5238388731718573
1.0329080681396785
0.374456137190684
-0.6286155062075903
0.2305240469989065
-0.43097909784057165
-1.0859932369549417
0.17118562037998475
0.1023637275326176
-0.062167590333683465
0.6926204632540842
-0.7415519092228741
-0.06236605418630845
-1.012496413451884
1.2158438970746241
1.116954664523673
1.8426929045402094
0.3681959253381096
0.9113048996929252
0.5599812174068829
-0.5274829438941337
-0.044410719657246585
-0.5234560869375791
-1.4981177820386093
0.2844185815457093
-0.8256913382814811
-0.5410494666197874
0.7930129448300568
-2.039976480283579
1.0440911541290039
0.17178929953804237
0.0075122909739719
-2.016024320053145
-0.12532081258791639
0.5694987781368908
0.9237662604530487
-0.20659545059579662
-0.5350946604807082
-0.6518653223094024
1.1622908660905507
0.8377384669135008
-1.1747813815695145
-0.3542873872886045
0.20302695527206424
-1.8410522605876911
0.23561224708694678
-0.7849934175260604
0.02135550553763385
1.0837939782765293
-1.587675855938195
0.18209986728215244
-0.6430492166051205
-0.37039518611871525
0.8059292408183846
0.6904904404887916
0.6997786788521777
0.8676874882150482
-0.8690592508220711
-0.43135763066206967
-0.8250026861043807
-0.20182744696183913
0.6343771106729624
0.3200871759019625
-1.0697447016155157
0.9930536557959216
-1.3480547261791516
0.8444102675382799
0.4883033401782396
-0.9749653834830005
-0.9124623323618
0.10159459519010218
0.1173599083059192
-0.9130602355940514
-0.21089186592418122
0.7011266502769099
-0.1838243508386695
-1.3265308788346573
0.8195225924399325
0.2712738352772853
