1.1516263719407853
-0.6525689431069002
-0.5256215858281494
1.3985731067971232
-0.9236543193120522
-0.08167986305341363
-0.03484592702045759
0.6667096191644254
0.6650043758966879
-1.7235289862427745
-2.29774494621029
-0.6991081672807813
0.3241722249049581
0.3038224556901348
0.23095466151933547
0.11526550608156366
0.19635957778378488
-0.6910418160199512
-0.646729959511259
-1.1589736533533186
1.6600705525809223
-0.10268146990442555
-0.9059689419450646
-1.0946165877401692
0.0012129860399046346
0.18117741122440684
0.7499886027207145
0.9730615285213968
1.1777546015616767
-0.8278436934228134
-0.3604005141951401
-0.25067869285362776
0.3482489684177251
-1.026171845745599
1.8777297564710496
-0.8493116099091147
0.7759177001203077
-0.8210964581917554
-1.7250941335079473
-0.19818560342762917
0.01940182078248156
-0.4989332658836489
-0.046525569860122955
-1.5407246740848777
0.5191696452198443
-0.1201800587169952
1.1674038331797605
1.9417867779955607
0.9484669068659815
0.07659972876908797
0.4230447946871558
-0.682122680183144
0.1782523298771607
1.302047121344992
1.0649529796283272
0.8033656173834088
-0.712293961547757
-0.8033992570540733
0.6881101158879737
-0.5603954537038327
-0.12197325193214202
-0.09082031413122589
0.5098797011867061
-1.0134531833527396
0.09242712500812617
-0.1873388093671619
-0.8103346193808468
0.5061639796636752
0.49354438950351576
0.5329673929979035
-0.1044034749528119
0.7273024788052661
1.167846466474334
0.7464001841457434
-0.17219038921722374
2.4437507732910784
-1.3037641023044204
-0.1981160697135835
-0.9984943640651884
0.486546876869853
0.04455989668492822
-0.37165891429425657
0.5428562735721091
1.2195479028848908
0.4600925377143322
1.0359564684284592
0.37283805857909524
0.9881073287097959
0.6394968235196004
0.4781770589351068
1.2942275543008184
