-0.26527056174615077
0.9793565543860009
-0.7141708294980803
-0.043485587796753385
0.13823886048825562
1.6025192205284586
0.8562591276171101
1.0406562121766412
-0.3483137849055475
1.027801203281804
-0.5393639066730797
0.08092302076174858
-0.038453905829713475
1.3201022243027352
-0.7367026417090408
-1.000241467562889
-0.819194159920243
0.2922422396236504
-1.9552847212210405
-0.027599491635951205
1.4305733363532183
-0.6331769016330859
0.3077371501931201
-0.14216114572962052
1.1494166348307486
-0.03212378335575913
-0.6145104606462675
0.5251523280772689
1.5204605179370592
-0.4834808065271788
0.4055186580968616
0.14039534793432973
-0.45435552399531937
0.4922241797753049
0.6880699442403491
1.5733833063170897
-1.7640762178679168
1.0285667151951594
-1.6052770409219228
-1.3251325344399816
0.40429780652822667
-1.4092618880546686
0.14832023893371765
0.2543227719473702
0.5929207644899689
0.9127719300988322
-1.0348894459555131
1.4195400852909454
-2.663952232940419
-1.2942045951968264
-0.43235376723584906
-1.2252868534949288
0.9534560470503394
0.16931413448709542
0.5883324944866504
-0.08317220725897646
0.6092964158547338
0.3774320553374509
1.0470287365766762
0.33711578077949134
-0.6406270806998812
-0.7749297854982343
0.4519916591479664
-0.6994752912857605
-0.580779833017239
0.07565605308243792
0.41744603918477396
0.03184873383220673
-0.4003285699684741
0.36426462977383056
1.1873407461684808
-0.11141604179799575
0.2893599965485343
