0.3673592157665685
1.6232808881210963
-1.858999075894905
0.25295997720289776
1.2139717352566566
1.4636746146782773
-0.677103881605958
2.1849434822265557
-0.3891669431323177
-0.34986286929654675
-1.4182437004627457
-0.9007710046261075
0.7121737290049404
0.2895690216743894
-0.12724126117784612
0.8700042950615057
0.5328936517285536
-0.8695437925028677
0.85853503229046
-0.6858771472984949
-0.29029810979218773
-0.9236182008844078
0.6131549917586039
0.5363473398669718
0.302300569248863
-0.3872255320302144
-0.6833526741180028
0.0073397850269603295
-0.5246812407901243
-1.2140990804421068
0.7029485417319817
0.509394534487715
0.05245726989505781
-0.33969379925268106
-0.0893957810114046
-0.9959508651358109
0.7382541590138332
-1.60489092509967
0.05272130319041858
1.0128768087614792
0.9447353955129156
-0.7940404423457045
-0.7632465676342739
1.4881720269755427
0.1851049350864049
-0.10988458044403823
-0.4555794452561601
0.012674689724237097
0.45451087240590105
0.794649364393804
0.07727839208035774
-0.4549762240720407
-0.7744214775851282
0.49086026560896306
-0.04306035791777104
-0.76225959162063
-0.1911452011527969
0.15352788083266458
-0.5771234777852089
-0.2343295843841459
-0.06386990382634365
-0.029323007548908084
2.536280006342527
-2.5389385182183566
0.8671603106960837
0.2973369147893556
-1.0041587875715698
1.9669081852024637
-1.4728677236670007
1.8272314751178953
0.2701080217004434
-0.35634109659388985
-0.3688618567289102
-0.6043089917802338
0.27990163710174637
0.28089079269950834
-0.6644920645578161
-0.2567141452752291
1.0240578894592
1.2422648809974997
