0.1312425914553675
-0.06706516795374415
-0.9513496524569046
1.5336106639023055
-2.482365689841274
-0.06490954847840413
-1.2214574649719763
-0.36636245989442484
0.03700171684932966
0.4474195139544733
0.41814089423349626
-0.6971010450374643
1.535501276235813
-0.31633966081023773
-1.009476443079633
0.8320553497239139
-0.8491283418067627
0.9178596107568284
-0.27385301987345834
0.0963170043579976
0.8371913507403006
-0.856714741530863
-0.44980090840326764
-1.3116656787828922
0.8063487576457955
-0.49678801822765556
1.2781654952450157
1.02329807524962
1.4669607549971064
0.14494803580657675
0.47834635763724276
0.9347167440262882
1.107061471251804
-0.7136432444493642
-1.3087519238905434
-1.6257059758794554
-0.23089313965120703
0.3914161042763666
-0.19122387856919779
1.6707401889299744
0.7785138112857575
2.458658647173968
-0.39730600552004974
