1.160968396574545
1.2244772272982984
1.0946000904942474
1.1505750697404982
0.32630316690317707
-1.019860231685652
-0.1598530022260839
0.45035501252161714
1.5563414255193273
0.7401611980152616
-1.7433225349522306
0.2543743069748957
-0.1271962489752914
-0.38867179674876196
2.0167532362472773
0.26317462686066956
-0.40227390232912075
0.8237074453064782
0.7202950641616997
-1.5083537333112915
-0.8916639737711888
-0.6025849754679956
1.2077366221707417
0.22599372405426799
0.7352240657534002
-0.027690782595530254
0.0653854357285496
