-1.736092473510308
1.1596676552486953
-0.3980210228702564
0.4779442007959758
-0.8896349874876629
-0.20890831826333733
0.9932587020628207
-0.3931108888018497
-0.15211618709958874
0.7469274537015445
-0.17707212190226498
0.24429685027337836
-1.3372387634973881
1.3716681058481384
0.21146289449480704
-1.1268761378921461
0.42586346956219884
1.5239131372810915
-1.1419617240609115
1.5448786421805139
-1.1702822670658695
1.370914948035719
-1.304918911248157
-2.1270114800701148
-1.771161503941767
-0.5348541289578752
-1.6164131835138085
1.8108988973228244
0.9810008238019073
0.23061197847649162
-0.3700796304413565
-0.552320222747976
-1.0913873494529371
0.9770989452487678
-0.13367684046719028
1.1193430912918898
-0.31303073749379257
0.2378697606580049
1.0564392453381206
1.8373652964065867
-0.09086955152860833
-0.11542721578052424
-0.9352986941932504
0.08093426553254766
0.9698782939238014
1.7856610943112425
-0.07160842564851186
0.4314140548869339
0.6818494323396115
-0.6690738479335434
-2.301460926182765
0.23395506469898314
0.0494211190565805
-0.8333532277230797
-0.3310589882957868
-1.3227625509442351
1.311246173739974
-0.5799925893545956
1.0657215697794435
-2.0772410685905656
-1.240266638315022
0.7514156435717542
1.0746663339546727
0.8641393794859582
-0.12294979144946266
0.7954822991437215
1.8445679915825277
0.7655045767537785
-1.475759050194138
0.42259718819857267
-0.577108478773934
-1.1051748351981547
0.0884967860934477
0.9291615450162191
-0.9698714587547399
-1.011582485261365
-1.6169484949001127
0.3062976848846912
3.0121028502012748
0.8525229932264677
3.2439973973100384
-0.3438586274811006
0.6732948795335897
0.5204846159481674
-0.7122960821716487
-0.6086083648509346
0.39190712438161834
-0.3415592919695698
1.426530166658957
-1.8529870909506505
0.30018338088255375
-0.6115663589452297
1.0682892862258617
-0.6137241216430648
0.37888856961107337
-1.3758433447500917
0.6989789447800825
-0.2284968744143463
-0.6301431598240066
