0.8686337808600222
-0.31904479556629006
0.7736782308397566
-0.3179127156797849
-0.4142495927059219
0.8420543574006859
-0.050425437630636664
-2.362814880507318
-0.8506014685009828
1.538251261242487
0.14221591471788175
0.24212127334259995
0.5222010583650974
-0.06069430704988268
0.2178990561522348
-0.6130767749501084
0.5244292301542764
-0.380506439572487
-1.2129922100368127
1.6033116342243776
0.33705698016957386
-0.7030617092140895
0.14702253907832608
0.48015641171174317
0.46311450522103614
0.7949386172614583
-0.608376396856618
-0.006370434049468615
0.404472668362219
-0.7383789810672613
-0.19501847836978636
-0.8634689147135337
-1.5629931262618122
-0.9295766975031039
2.0109533406274527
0.6775652002780643
-0.2914877549656968
1.5962760695107965
1.6063519349648776
-1.108493729398379
0.6749229853609726
1.3663257879870858
-2.657447920154833
-0.5936004723294448
-0.9490154062908132
0.021331637157364608
-1.4553404115382766
0.3020565099099085
0.7838893691823078
0.4973093790840044
-0.2897027697261012
-0.9673571843921887
-0.36092213008858093
