0.6363772796793926
-0.6416241005797306
-0.9661719650023252
0.3471743287839124
-1.174789640227352
1.3280006773992308
-0.600100597288232
-0.5817098248477934
-0.4627714229343863
-0.42781988266458293
0.6370125069538006
1.829669058539843
0.5872661159576302
0.517188739401954
-0.20332295328298133
-0.6943713180589103
0.9105170586178033
0.13685883285701214
0.16929817451871135
-1.3226683342416001
-2.461255091416422
-0.9044803276934538
0.5956635666963209
-1.0120341110853863
0.4374029740369159
1.1371968732676407
0.8067410593160624
0.28707077650532736
-1.398759944814158
1.1834913082637606
1.811624325232449
0.6052368251665871
0.46795853466948334
0.8285521008622061
1.4823603066224857
-0.9685078823662334
0.07024748740256773
0.17558578936757982
-1.162275942381713
-1.1750899705344857
-0.7310693778094569
0.1792182419407678
-0.5030354731860327
1.9545990124087196
1.018626868890356
-1.287891767484816
-0.397897216520232
-0.4959723372212816
1.3536485605839959
0.9530952354014777
0.06295739567447843
-1.4412569548635648
-0.5073559453793225
0.7983302747970881
0.8577574245162406
-0.2965054219818524
-0.9621535680909779
0.35789800723956366
1.5020982467222115
-0.2926578467388437
-0.34598841537419317
0.5946664593746493
-1.1429742540512844
0.6690041595487524
-1.2386681420367758
0.3161777661325937
-1.1154346618746274
-1.3060278189285568
-0.9147401378338418
0.6494602525567406
-0.9069292756320663
-0.6253148903988338
0.43770647969243165
0.7124528413696752
1.220377168570986
0.43746221130772756
-0.2509872781259022
-2.0114485771473607
0.3422533114207932
-0.057155797357730104
1.0527020062819124
