-1.982242044011846
0.3559683111980238
-0.3667225175051367
0.3088655333802147
1.775885551758728
-0.6819777290576736
-0.40765983152242424
1.224982345319873
-0.8283931132989614
0.046731736593518154
-0.8479749908535182
-2.9777296922749277
-0.585097956558289
0.7318724280539898
-1.2852900143714407
0.9418494159218291
0.2942009727774104
-0.0870099356580363
-2.440622042034323
0.9197852552205424
-1.029379093165714
-0.661995390350006
0.39518616871352624
-1.4903331491384926
1.884737121436084
-0.22408655847581863
-0.10188573051369677
-0.23955667671076483
-1.506337677866973
-1.1308005584650487
-0.7029874879546301
0.5066060484550715
1.0816709426381996
-0.16787644921394884
1.2022162076406246
-1.920291019825219
-0.34576684015652814
0.49439162637346024
-1.778038771393484
1.0828455128364542
0.9426063980348517
-1.1933754447239913
0.501480710793731
