-0.882934133442854
0.34094893430920903
-1.6289847090349496
1.1893717776090489
-0.7626605940744023
-0.4379776595774032
-0.9893573144157877
-1.8675773263252629
0.3732996849181608
0.3921009227247592
-1.0906696521368677
0.12048025682542489
0.8579964646340242
0.38138923023786075
2.307809815293813
3.2301512088603572
0.12405157493302442
1.3830358663141218
1.2390409267866012
-0.6434631618142821
-1.0932477352688608
-0.9191998407063137
-1.0325625150853799
1.0158541448232905
0.4596140245582665
1.2622812391929656
-1.3448957134925719
-1.8694789648897705
0.6527767597529194
-2.570580506714643
1.510882795689436
0.0712506468798617
-1.176180962512241
-1.2982726004823764
0.08374611328545095
-0.6170051327090733
0.007036773505216
-2.7139281415842933
-0.9026343934300523
0.5669850171134313
-0.4890178901165596
-0.5687153218939831
-0.3139320277598027
-0.959858259962177
0.5157477919658874
0.93186789092772
1.1812932719280016
-0.7644481975461487
2.2323051292643425
-0.21806400902306217
0.4578265479352842
-1.1144447622940024
1.1282661289083062
1.150166200663975
-0.8591470738552173
1.5900357907814258
-0.21340087309691388
0.2020024086623526
0.5503658240139034
-0.33195950334717717
0.7855647485006021
1.5502177915973774
-0.18261598183555597
1.0802326930818267
