-0.47052863401962836
-0.0984423051375677
1.3016002883317304
0.6437440587611873
-0.9006051717085495
1.3855863630002696
0.4129767388080061
-0.8836210419975207
0.344485023434462
-0.5020997702472815
-0.6894928815213262
2.68148550095607
-0.7956894039697211
-0.9278304416719442
0.1381087819794633
1.0986559229771788
0.07701939200072803
-0.6197207230305224
-0.6634597584832197
0.11128318975827595
0.360966768299904
-0.4054434502750711
-0.7438356192376085
-0.6813327851405414
-1.0713011782260664
-2.857805000257188
0.35402654814572493
-0.9499958852873058
1.3257421081390133
-0.9169862830576623
-0.6622746741363714
-2.0763317789705233
1.340642505130372
-0.4419055578038708
1.2217849269259449
0.8740807152079889
0.666142354717831
-0.6533288129960909
-0.20588137699236828
0.07341438832887162
-0.6686168498429113
-0.45912444682622494
0.4948475292167027
0.1139326323218675
1.4068375610119088
-1.089541861613196
0.06017860976793151
-0.6556044505790115
-0.26939806707303293
0.7955387437704472
-0.7287655604835147
0.5070503045149134
-0.07321866199046827
-0.17856108458868594
-0.757166745240569
0.8955266839702802
-0.2545377784071913
-2.843457921163673
1.3521926417673986
-0.6185779325198549
1.6825926144234935
0.446347951082733
1.3764618469097865
-0.8077441189261414
-1.0594990935278963
-0.04219556736335934
-0.8623086376788949
-1.1953773282292124
1.522022798210975
0.07730708843001473
0.6498525869244587
-0.8795811787534378
0.1632754473462397
0.48921845929828406
-0.5698205547065853
1.9076623930320755
-0.4794952701381271
1.7115762342452072
-2.0676668313413282
-0.2604917753558669
-0.47060197814994337
0.36396199858551564
-1.1288191275754413
-1.5393867364719012
0.9944251715834366
-0.7790871576462766
-0.7457090885377217
-0.76861108149507
-0.2926105716301984
1.0831819825559978
0.7226014625437407
-0.8010031260716333
-0.3601075802726204
