0.9205551049611126
1.0024643752817919
-1.4625948885398667
-0.8472527424402662
-2.138888278355721
2.4468390545784247
1.244900172267172
-0.28967572038925365
-0.5047784356834872
-0.9665306896967522
-0.09791616987840833
0.09247573893991251
-1.2857998695349238
-0.19740164730783485
1.672967006414519
-0.6871959953148598
0.7704312387260966
-1.8983859435688475
0.5799304286484185
0.7506207769225469
0.6387348621021861
0.6899967952460183
1.0424836761478695
-1.160766813638206
0.35776070265355225
-1.5279354191314412
-1.0874281179786702
-0.6283204530773734
0.5632901050628963
0.18426878494971594
1.9469657128455906
0.5648073322466908
-1.1655892727255068
2.4183233345992927
0.7323656469332851
-1.4687979201358985
-0.9482551836688601
-2.613508198327805
-0.6690793218442258
-0.36663435099275277
1.1102215949112721
0.13084700558709275
-1.7122639105003419
-2.1412368582236314
2.635691392432496
1.0665506470087227
0.28344168457055446
-0.8576615764293164
0.06670399616253822
0.28962331560251603
0.1847427461886123
0.24736996577766676
0.8234218142644781
-0.740847247660261
1.2940537323387937
-1.2933448022351217
-0.9158279842936861
-2.402477230229351
-0.6395308790079407
0.0324133662535001
0.36114299291145147
-0.8823239298705704
-0.6205656844215495
-0.5009878425659975
-0.7631868593203656
-1.1501715999217244
0.833556694221285
-0.42538443829314054
-0.7114429308488176
-0.6423701065299787
0.9208207550297071
1.3828093043549832
-0.14892894503459458
-1.2735148082223415
0.24427556454928023
-0.8172722714831
0.8523302202342602
1.090067296801428
-0.5910338683865076
-1.5202017567700834
1.9432301265763745
0.6173803055152467
0.9756937957426952
-1.884308614151471
1.9545769422859138
1.766619064699382
-1.5375484175314102
-0.551931494809167
