-0.9409169260537318
0.7553765579944253
0.9674028772757398
-0.3920103083517182
-1.2482161488378916
-0.8089810933567876
-0.548920210655375
-0.7797441972529279
0.9752592581565042
0.6309582443085169
3.1770260202399747
0.787746292379042
0.13808023737653785
-1.430495947131315
-1.4404999926815767
-1.2602837530460942
-0.9947843225638945
0.06380759012420777
-0.30489929193326365
0.3339941131048698
0.24503357602006326
-1.3195442957823977
-0.8901244089271908
1.465929440956433
-2.5781763277335763
0.9283806022198123
-0.6469046689143129
0.4944416379851622
1.054661275196864
-2.144575905940909
0.31931308095955985
-0.6145654117603696
1.051696464889822
-1.969942779527561
0.6846050407356261
-1.612165554068297
-1.7613632305292255
0.9871714467803553
-0.6543507912745438
1.5147457241464641
0.13070654361410583
1.6480446735000889
-0.5215982519883825
-0.16882626705110057
-0.6988877325658484
1.6416542249041142
-0.9930476616168544
-1.1943571289995827
0.5353678806855822
1.2611935261095693
-1.1390812203464369
1.1606608736591408
-0.6132219447788531
1.5677202501513334
0.5929726060082735
1.5232638339495732
-0.6988238913298965
-0.08629486994697139
0.7164311961463332
0.14799510517227937
2.5291756338798423
-1.5525569689162384
-0.5238911574823298
-0.17035969605995807
0.47012832017942663
0.24243971894007316
0.19840362202612585
-0.057626645043549925
-0.49898672869854954
0.23494280133483267
-0.5653425801112619
-0.3846616780664062
-1.1037398436122203
1.9817632385580257
-1.8017736452246371
0.4611020882796318
0.9886136946787228
-1.2286633618161986
-0.3003909373244223
-0.8131492607621424
-0.06420971755244233
-1.9746961098587212
0.36403454777087835
1.259024057957432
0.7266034476327375
