0.29351988089219655
0.6697551503989718
-0.01702713473541106
-0.9213061120547761
-0.5317516150998441
1.5902382052622572
-1.0236102434651593
-2.541930988065147
0.4843358608141658
0.03694186316017214
-0.8627797787215022
0.9137063177712818
-1.701188307080866
2.328531747092428
-0.3171658750566028
-0.8174665800406868
-0.18308681226899634
-0.05795351073997418
-0.17579792519838017
-0.15291011785168157
0.6125475735019053
1.1723327577172853
0.26653828716064837
1.0307185368390215
-0.8740559355487381
0.29627958016708633
0.04135412799121983
-0.1644310348942933
1.4961915007759394
-2.025676155776019
1.4943782677342428
-0.8608786676828246
-0.7535940619626234
-0.7060611870303644
-0.9680432371582296
0.6197851531684486
-1.1534422848003376
-0.09119335482150481
1.274429847919315
0.2601062829368423
-0.7547541680963438
0.7196234238675063
-0.3404975876874812
-2.2434685419263127
1.7821223920662765
-0.5570508156280882
0.017165839532976006
-1.3985880287930594
0.221048553912763
0.3830139132789513
-0.3324735374380188
0.5934541855125944
1.363349605787648
-0.13485721094967404
-0.7312011050755075
-0.0904963398535641
-1.3258281058410424
-0.019732193786756533
0.6657483507775602
0.9934921789640563
0.4400954073820488
0.41533379252091246
0.17186124071516495
-0.5552769053848143
0.0489107818341686
0.18714850958569085
0.23546659276681822
-0.4019355483683166
0.37922959913512455
-0.08974697937793336
-0.3054195432078342
-0.02795751021348048
-0.5956641324747582
1.1486108523428817
-0.3333473121745871
0.48142084401866764
0.7360869266761454
0.9217091544958631
0.08420749080149956
-0.15286507415102313
-0.04262277686765568
-0.42909739763774474
-0.24803156724524086
-1.1579368113693143
0.8418979057445435
1.719410790155109
-0.9237794199037636
-1.707281806740742
-1.360675738142754
-1.2225705089801904
