-0.93375337760726
-1.3391609885580833
-0.010767654293922794
0.3440126902032558
0.4469683984259474
-0.5490671124229262
-1.1200540342859129
0.05404437697748874
-0.7247668876448387
-0.49389177311294885
1.6904237078040907
-0.8259671207755811
0.2752727809122203
-1.3015612348157544
-1.2159073383875036
0.005703556544818953
0.5831128344352108
-1.530550740248205
-0.06921117003093764
1.3854946733450944
-0.36530234360091796
-1.479196638271323
0.24018960694387792
-0.2869228368153275
0.26398657236962453
-0.6266181928408455
-0.6825597797018834
0.6627708433430396
1.1558538931372249
0.2905458728118749
0.026199444530459987
0.16637916501363698
0.14765485280437668
