-0.24778339284692036
-0.9784443605821507
-0.06765570999628548
-0.22389060768027
-1.2741036037990772
0.1857084234591463
-1.5327381287212622
-0.810897888090903
-0.948564616213145
0.4634717183069345
-0.17915299846297247
0.06583538221506902
0.18256186707587355
-1.1556145370369637
-1.8653461773399673
-0.9005322229014496
0.9098685859272189
0.9094520285938534
-1.8679359857430973
-0.03384920838000225
0.4586236012259668
-0.1096873113168321
0.27216723155027056
0.007529665266422827
1.3349295977949664
-1.046597476372745
1.3705635950400346
0.08624542959648997
0.1938531094811652
0.1738695391491977
1.606391718721732
1.045551856127341
-0.8227817692181157
0.4832694324523957
1.4228579116468518
-0.07889743769122225
1.396214130122957
0.1575279728653354
-0.16921455809259422
0.3009533298210092
1.5096718575950228
0.8658740321748278
-0.263590177279011
-0.34504195076977945
-1.2140190203885017
0.7510183371006709
-1.4716613426907714
-0.5925247138617792
-0.31278082311115946
0.33318126984634133
1.5392448981719011
