-1.355792050038583
-1.6103921798070195
0.2491774607494878
-0.417053312866484
0.9922499384675033
0.3489377901502403
-1.0350059755526648
0.3082348565935866
-0.48544306206116566
-1.10607135225773
0.006345210585059841
0.3137673258168279
-0.03744010239894791
-1.4877282765593827
-0.8082410317272518
0.2209370721765616
-1.005718953456165
0.7889294189356536
-2.0049956946896534
1.2681494287589643
-0.4941338591005213
-2.4376364089160676
0.7835504941184422
-0.11078088150081049
0.3803457199029361
0.9858900383553159
0.41098841949682746
1.33834851704984
-0.19646506528653213
-0.7899005951221407
-1.1924831685594808
1.0923045910048699
-0.44724909470475765
