2.1602566709300137
-0.2288532356534939
-0.12061491921323149
1.3817717889484187
0.3046979061771817
-1.2711737794667435
0.6970572522632306
-1.7320913869790002
0.09191513974011213
1.33767511318658
-0.2609430289794278
-1.758135697781265
1.179611527445046
0.20235947741231228
1.2820992434644278
-0.5520318931060997
-0.5589235429705964
0.5663339732010051
1.4803764450421426
-0.548641160120282
-0.26215074201594474
1.156681509073856
0.6601087103138801
1.5978981138148134
0.08554446244417933
0.07907124554855458
2.293925994826508
0.1625482681204223
0.20459743887171575
-0.27368515214866257
1.3650962767836567
-0.005788980701517248
0.8364390942239253
-0.8338848236094298
-0.2715067088930748
-0.4622915597267655
-0.17148118209951857
1.1098373550018161
0.4461883348563118
-0.3655744319461164
0.09798352428452005
0.026438616040893006
-0.07203289075712249
0.36869036466844585
1.9873817953864215
-0.7101388360518331
1.6586935939297631
-0.47183734865787613
0.2921511923465608
-0.33889383988716393
1.374135454257553
-0.3823188140323044
-0.17940884892971257
-1.025620204539428
0.6903968164242064
1.2268726132583931
1.2877112818353926
0.5401325623874084
-2.5391151427161724
-0.045793199521141116
-0.9558260026121955
-1.2270982928002625
0.9903092751827025
-1.272232598081726
0.14780335647240653
-1.647161691056728
1.3055105810715641
0.1174659555071116
-0.9455968058776738
0.06890997216881811
2.2955617164268673
