-0.19621848657194005
0.4980655550083942
-0.03078203620318311
-1.2526940107685567
0.8522280620816931
1.2269624680696312
-1.457823333556106
0.8618694714546061
-0.5135836976852878
0.7779229187832104
-0.9874522870135686
0.9755482286764134
-0.9421395897128242
0.5257229204563553
2.2570573663423765
-0.9874726295061745
0.5581530879272073
0.7975169721513092
1.690665291347309
-0.011404331533839752
0.6497714026574015
-0.05050856048462478
0.19568709505248838
-0.8516026488592736
-0.03189651417401237
-0.8174575594176031
-1.4501009372389018
-0.8153237704423025
0.7683990539202701
1.2830586593536646
-0.7648729005206247
-1.9883641251538533
-1.225523667009117
-0.9926149058617196
-0.1623020004761616
-0.4442694867399815
-0.9471622112999483
-0.17252390135257054
0.7885878882363341
-0.6773731031125934
0.41084809558829666
-0.8084972178798544
