-0.23533083227284726
0.8752213670513633
0.10987676486714487
-0.9017687845428987
-0.9015328686963249
-2.0029730232890506
0.010078616412081633
1.2430658510396944
-0.34532499031531033
1.1558456657244682
-0.48788977509820286
0.2170806496142371
1.5943425616973117
-0.798189740783017
-0.5697944489251597
0.021499682344560175
1.9805749699856836
-0.35588873605469573
-1.8883289176628544
-1.8947916548029662
-0.49154736789633596
-0.4714671797098305
-1.9952226759709821
0.3926776297298077
-0.37063931072334894
-0.42361755286200775
0.06016635589979205
-0.21002428726764077
0.8864839973992747
1.4591560003072337
1.3485317231903786
-1.0979115647794495
1.7091645001207565
0.12228839784051
2.462654095639624
-0.1214066452970027
0.31404506099973145
-1.8646419602218869
0.5434973083254064
1.9900018504632835
0.6968698779943087
-0.06413587967060613
-0.4463675514553851
-0.6703322867044826
-0.7195695181111066
-0.20321432635011547
-0.6017533244847633
-0.5183903529558823
1.4842925826163083
-0.4858650362968213
0.5399342295240736
-1.778437258757612
-0.2876094032237609
0.8440493976235592
0.9131727006646685
1.4277471751969764
1.4723124768270006
-0.14188816470035773
0.24072236631499072
0.45174826168819165
0.27999054443492255
-1.1515868255276298
-0.0003278257625072302
-0.05365920082805185
1.2073428132173458
-0.476256239115832
1.4254758030570458
0.861259970887308
0.4810511243405827
1.0390666248445748
0.16765841623194908
1.5503322178894017
-0.6238948791789106
0.8754067876689205
-0.15439767763434975
-0.15720775232997886
-1.1583523783435594
1.2236905879938589
-0.4214597610910159
1.5706180444831601
0.7372093291081071
-1.3324750314285099
1.095407253407464
-1.1519397010977919
0.6634484201553026
2.5048675017654443
-0.36886491791709486
1.4040864377221685
0.03207088795244477
-2.2755208813268526
-0.8578610493870451
1.907610806015667
