1.5017006748721524
0.016571892931288943
-0.4926271752405767
-0.6970528719082985
-1.0728917470003005
-0.6518545778768223
-0.6557210057763665
-1.0647387897042004
0.983113815061456
0.12692180800039005
-0.1882125316799382
1.8079929372511316
1.1037587764116015
1.4053232312695976
-0.3536814877315771
1.9888627517589323
-0.8061198375040312
1.0084206688787685
0.797706780691536
0.4828855412316411
-1.2467813252650033
-1.7381947705865832
-0.8354865742133918
-1.1371227641288493
1.209835261412662
-1.6145962648054553
-0.7157925269771964
-0.45211455933022665
0.09910264316828432
1.5570270642094075
1.3800793562839195
-0.9384897019474014
-1.0009941794171102
-0.17074475363534208
-2.3357596790471984
-0.08254579474349925
-0.3035316378902436
0.8267349315504472
0.8574951863489648
-0.6687859157711576
0.7990043091491479
-0.48065505538997544
-0.5897698110460597
0.44187273338743477
1.1146473198779328
-0.3768658343659093
0.12048861419660357
-0.21426783188210832
1.549593977535288
0.7500941278401154
-1.224730293618316
-0.840665755046587
-0.060317270698226066
-0.9779443615184048
-0.8998221863541014
-0.21124125183223968
-1.5603394950764147
-1.2878348205058698
-2.0805883914291368
-2.2625362391732686
-3.271787340372693
-0.763707295726984
0.8310911552230731
0.42859785561398506
-0.66697965909299
-0.20668672767834612
