-0.3451199635008026
0.058628506849751766
-1.2573653751684895
-0.46891288195959
0.6081979060108489
0.45750946797277214
-1.288945269089334
0.38397960721557284
1.1847110827103673
0.0850872000004616
0.6542180723840442
-1.2914887670861073
0.4868219965787373
-0.9809731732697281
0.26984242089615856
1.0695193473365938
-0.5162486107288881
-0.42362350167144863
0.5035641659340199
0.5870342827339902
1.2882755176106373
1.7867932796792378
0.30215487896891685
-0.1147016004440355
-0.23767138714650338
0.8461945182603684
0.5610364258446043
-1.3271355563629108
0.9498896879646243
0.8786897657379584
1.1386897732052814
-0.29683750617457877
0.5416124400479595
1.0064262258942924
0.8581990140312915
1.080522186621794
-0.11771701935275863
-0.8484635462747853
1.5236802382282324
0.017600639812570325
