0.7841777070076271
0.20425916517208517
-1.3351211550416293
-0.30770396357399876
-0.3772157091553653
0.49080447601202687
0.6095317582626885
-0.1946411691799135
-0.9924336204281333
0.9370148743935074
0.8622499421300328
-0.9112015879867368
0.043999240883465095
-1.398249876897606
-0.03255094373867351
-0.026157788794588584
-1.8696205351174127
0.6595619118001802
-2.3194477525987405
1.040039186154011
0.38830807827254266
0.8168124304060305
-0.26385806117868515
0.4001237406118645
-0.7944585910034636
0.7447972755662733
-0.3494981694575569
-1.3014138492051177
0.12562067790268794
-1.573311761892505
0.61924814642277
-0.34286399786912874
-1.1086280315496646
-0.7291648878299172
-1.4068396551605946
0.4248013907375774
-0.6236663566599677
0.5727289177139386
0.41546327748533435
0.8038262041878056
1.0153178550371624
-0.5178600097512572
-1.3248851447318326
-0.4995431065715193
0.007382275781177425
-0.6127808101923995
-0.2588570665661325
-0.285613435179359
-1.9869591009356349
0.8722113207536941
-0.33587923810976406
-0.45914993419989364
-2.249323892605407
0.5978174053868349
