-0.7451822655597118
-0.3173628883710031
0.5869095158717493
0.011917189196386475
-0.12523061234880084
-0.5691113134122961
-0.3861381742871047
0.8196981621029108
0.2572317870951131
-0.36871045282249665
-0.23248646012730062
1.2150345048555722
0.6432174322566871
-0.5942162778530794
-0.5373733461520691
-0.46520504895070536
-0.16018369551383035
0.8492552472604704
1.0970826726379024
0.2940753655696815
0.2999899205098796
0.41337695769089905
-0.7593499612109851
-0.24818678812592532
0.48549659255211175
0.2943788651349494
0.628831761053956
0.89537069321518
-0.8621199116903048
0.9439672114568695
0.26546053379612766
-1.166469831470609
0.44770782917177726
-0.42549449528477495
0.3841694383678686
1.1610937749444572
0.22833259186676477
0.5930681339291639
1.8040099814435253
1.650116586150701
-0.037535325616155815
-1.0309155802576833
0.6991606518249726
-0.4962813954650585
-1.1534221161459577
1.0342211619117934
-0.2577589005351517
-1.0780924402059124
-0.7328463262243855
2.260668772561564
-0.6000879423974871
-0.4105555978545658
0.6670619419282718
-0.24498979127218576
-0.22372832154918332
1.5136289331940207
-0.9731744745374893
1.6572701770043932
0.792715737486448
0.9917080344797191
-0.8861714755269345
1.6940188974171826
-0.39671096775184894
-0.3416736250156948
0.5436416161097203
-0.6451782730525387
-0.7368684427567724
0.023396063655887533
-0.6274605415599656
0.9169136064042617
-0.4476071551095502
0.5528023648670994
-0.6212108252926127
0.6912210272552594
-1.0628303727044914
0.03399766543365851
-0.34662774731972046
-0.1488534554345872
