2.0413925935094777
-1.4867639243446442
1.4772685366985505
-0.77896965891742
-0.8270979814674542
1.0799604396522502
0.36502811044494865
-1.0051939419358729
0.643929336588562
-0.37426409009895056
-0.8267050566516676
-1.9571297015557192
-0.7488258298216548
0.12181492020394588
-0.6179708244091029
-0.2625005833342109
1.3774790782629698
-0.21815693641245698
1.1834956648056614
-1.3986632932050282
1.0582295613320032
-0.9719604289921698
-0.2859731831464045
2.0181260178207974
-3.171208126156193
-0.9339190986719966
-1.403821758753459
1.8662881188731624
0.030529798704840388
0.0398009217805587
0.04023076984821214
1.143770638451272
-0.30789753348179677
1.3746084246773596
-1.4746731858675943
-1.0788451381118023
1.3190897456063428
0.6938709515737327
-1.903270681558192
-0.4273916402635803
1.1988869972464562
-0.7016690035590462
0.601457089654291
-1.7231946026950553
-1.3034412245097922
-0.7557219942352787
-0.8202076159910001
-0.13141761632118948
-0.595892849660772
0.2004066918416452
0.2501941301669995
-1.2660320399209548
0.037629245270789355
-0.11797077396283287
-0.910062598494337
-0.08609760262235677
0.072206626911653
0.47405031434238243
-1.3583254492880996
0.048791750987856
-1.6308435671550208
0.9668992558424744
-0.13537060820230445
1.2475793740058552
-0.1058805728881008
-0.271267575940827
0.5453133104731046
-1.5536983726832791
-0.264238046990972
0.2329431958168299
-1.5135476187933186
-0.9749786410770811
-0.9409086814759067
-0.19851387915838897
0.608723983189433
-0.46995714415705886
-1.1269405171437332
2.298951706079531
0.18548371984669637
0.24355826537311714
-0.06391384441795261
-0.4547004582404695
0.2939317496948977
-1.707510255183223
0.7426544276290804
0.9260171646026583
1.1669839036849106
0.8012553662667279
0.6141381463075571
-1.2196387738424068
-1.377958369218839
0.24903304902023127
0.18286199872313344
-0.6055935519068764
