0.6095151792457867
-0.0258630435310655
0.2652905958840898
0.6319032654859935
0.7132730137405617
0.4154981730856836
-0.957514009011959
-0.7572837714252061
-0.06875255726577219
-1.319614902861125
-0.12160236569705628
-0.46648134903878774
0.6457193192609084
1.3414319956483869
-0.530111996526188
0.02567262744035312
0.1264142372259676
0.9748598538239017
0.7486012060280715
0.8820361462434758
0.7555289490354715
-0.6113036107434221
0.27078936629494516
1.243793575173527
0.9393986982740967
0.2688479252560613
0.848120611137484
0.36607646141477945
-0.7707248279219897
1.6923998998058116
0.6889985640694152
1.6118054157247057
-1.5316373040141131
0.2095502358411508
-0.05589345989993705
-0.8101665499460096
-1.9666445196895048
1.2600696749566769
1.2614448179222666
-0.822998300631151
-1.1487009647928847
-0.24479531284665562
0.3258515609671085
-0.538726861364182
-2.053216925639753
0.9727086862770937
0.4699512569390082
-0.7000399758168169
0.2871515603505507
-1.1531422272658816
1.01267782157127
-0.3064323571414444
1.178136708312219
-1.1403445110034218
0.2061768915249435
0.9084723923645083
-1.4505217949505738
-2.2054418852433644
-0.6536059479952455
0.9933174566103934
0.06122257102704024
0.23617207899352421
0.17164329072208095
0.2870652032582525
1.490325659448345
-0.5037030204344157
-0.8332463716790225
-0.9994615705051035
-1.044273120224429
-0.8343061311973033
-0.3807496028857034
-0.7104429578634157
-1.0535191997534368
1.206070709480858
-0.8565252503881275
1.479054363388158
-0.38675086506848666
-0.6540197372447073
-0.2883117534337316
0.3520193418494887
0.24792305216704724
-1.0388010042782887
