0.4977458095900131
0.13885973433877932
-0.5882679740351585
-0.8883158611114228
-0.7556501210291073
-0.37499388543485673
-1.8166341088195437
0.34461700699634334
4.187052293631685
1.7533214149837957
0.05157293052474723
1.165528751973658
0.649459416325804
1.5633020796831274
-0.12428080861854016
-1.3591590094202395
-0.8990886028827096
-0.9197288129588114
0.37224570039784094
0.021880015632372903
-0.09531464605878688
-0.061501181638161935
1.3425184847217142
0.3427198698395663
1.0027555255348233
-0.6746637091149476
-1.0152550956905022
0.14918167954634798
0.34730291074829034
2.9441298543155647
-0.15457892034255988
-0.07853107803356439
-1.1316357642164172
0.7860748254717985
-1.3185868684060054
0.11965450591407187
-1.4323092010659932
-0.3918303123501819
-1.5751254712702814
-0.9575087455299601
-0.07016199153957689
-1.7410216596221448
-0.16140069358660283
1.7693434035266276
1.5437359189249438
-1.1684562041452384
0.49187556062151605
0.2919396222623109
-0.7910301928673169
-0.7897088816267666
1.5640541549845934
