-0.17193026851407278
1.090159031325783
-0.15782481238955157
-0.9017164589237808
-0.26928001104987725
-1.5594360212835943
-0.2671456671923819
-0.41513692780930384
-1.2118427579093096
-0.5221367963097009
-0.5952157943436218
-0.6262880872299922
-0.4614379257000731
-0.5997538190371166
-1.2442217856852351
-0.8363320162332212
0.8993366503359568
0.3189954635160564
-1.642956933440081
-1.8610554531062637
0.7243778759929523
1.4583808631308912
0.6818249047298314
0.2548239707151843
0.1095039804596197
0.48175468694343326
-0.4439073190644674
-2.0123944008048453
0.6039360542390168
0.14602930141435602
-1.730335256238861
0.8399399519844152
-1.0285137501057167
1.4123653081202228
1.4790721692204873
0.8153016494141858
-0.6043814372488934
0.4360598920220661
-0.5637212829377168
-1.0213665706708626
1.02146599396742
0.9204913068979809
0.3982118861843684
-0.1106191851917256
-1.0925461416353457
0.5024480574373722
2.7132337637919894
1.179884793970984
0.6776578311219711
-0.30689994679185434
-1.3770389341575575
-1.3533523611714111
0.24866066581039298
1.413477591651213
1.7578307048806225
