-0.8393871024340143
-1.0304837295418663
1.29203901479482
0.05444437356522159
-1.0626891711354647
0.28528522105719917
0.34128823985507784
1.4789478762893449
-1.819493560848227
-0.9704262433999246
-0.24368657149860712
0.10099103101790742
0.819641925504665
0.8739028023128413
-1.1931979181747214
0.6352494996705553
-0.06674322598863089
-2.2886011337218948
1.0144748225544697
-0.7999630917326349
1.2607181355983241
-0.8536759709129568
1.6806339233999639
-1.7452522658227847
-0.6369075414908588
-0.7008054673486809
-0.4080597911246763
0.3093632276292977
0.003262877650374676
2.3121824389570005
1.8731503887613
0.25765940935689474
0.08436763524876062
0.21849999375807008
0.2991559912162749
1.674885981172738
-0.9376770062823445
-1.061501452353948
-1.0147474752439618
-0.17582660574320144
1.2892484574551695
-0.3215596450711696
-0.7165365467766187
2.0747404034745216
-0.1495095072719798
-0.14675089593550403
-0.5521937996717166
-1.149050776738052
0.41439148361915146
-0.3124295464568758
2.3547545267498275
0.3441038998415948
1.0558231340103912
0.18330268351393153
-0.665247722151484
0.20788638597145656
0.32427905875557095
1.121114594720445
