1.0790221948672583
-1.2710142055723956
-0.6910411089766371
1.5671035836673013
1.1528714853017936
1.156636977928357
-0.4105589878621303
0.19945895200551975
0.9532697274287613
-1.68463852491182
-1.0368053336396441
-0.37131621320739194
-0.8688471694252833
2.3598898899002685
1.1492509992577205
0.09738559506909215
-0.1413293296029168
0.7330294856543017
1.9518086163338098
2.7083771376614867
-0.8126043593626426
-0.4368485446001216
-0.16616444855101709
1.1859540990270543
0.14278040240955261
-0.22788953962661038
0.4749279291640111
1.578303669371269
1.2543297193668117
-0.5314268964108732
-1.369617047661345
-1.1426202494225517
-1.2803817426350632
-0.20728358339397476
1.4153523370329202
-0.3712264788779217
-1.8019674803487677
1.6277533369850878
0.09449512396282882
-1.5843249660444505
1.9867328392141157
-0.8860984904451797
-0.1874100068798621
0.28490077420849796
-1.8749173198764764
1.36813462931817
0.39441524036875003
1.0152518630595435
-0.3237143024884216
-1.3833990714863966
-0.44071955669751095
0.4637902126847906
-0.5804890395010498
-1.216929049581331
-0.7452005446972952
0.08777652599127321
1.8276728674042124
0.12751893326443092
-1.7369063271711416
-0.08147220614551089
0.8879099281956342
-0.15063275387592182
0.11751572488406568
0.38374652930531294
0.39161314967087524
0.5901688795238683
-2.5335156028564603
-1.1809555195450823
-0.3980784780984199
0.9563774598560674
0.8564589203943636
0.3217309852395255
0.24574162923206835
-0.5379759487751179
0.3364672330002513
1.233655143088789
-0.2091478168185893
0.008233133522629629
-0.21238693817518145
-0.9666020148988591
0.8212555721820666
-0.45771906021061404
-0.11821034335941118
-0.1321555728561151
2.5347245274420325
0.11587390319839785
1.2332750258054503
-0.12802368221607524
-1.4790577373856504
-0.27775090340084513
-0.4075037288803894
-0.11530904157904542
