-0.526852641419209
0.08123978598486302
1.8121043958295464
-1.839048775811925
-0.10799470164246884
-0.3136571620583567
0.1639798376601515
-0.7821980976094783
-0.14078217061214482
1.490897197809424
1.8991811060892545
0.7933338500147724
0.7306713173687699
-0.19092616553489503
1.0497383318430757
-0.3959790921416164
-2.044215874314216
-1.2040292818315708
-1.5788801043146865
-0.8982157892331244
-0.025692174828284432
-1.309132991398397
-2.430721764435882
-0.3783664247291038
-0.3719897679911015
-0.4924653007411489
-0.6001071488767364
-0.373607822250077
0.1641547568227968
-1.3758748687070104
0.3134784454512483
0.6262919476730024
-0.5744098733271132
-0.2140221886712023
-0.2785543604771267
-0.22801979114734985
-0.3213280994879177
0.11277535499772491
1.173870954713446
0.8510593950761719
-1.186273042249102
0.04684855985688269
1.2814676893091368
0.05546643195311565
-1.556315175566729
0.5266406587529734
-0.17537441124400413
0.839886970670349
1.162012045686228
1.1341354173661575
-0.3248632595515588
-0.5532573192515341
-1.5093868400838635
-0.17174611031988427
-1.0699631231626459
-1.1006869204384555
-0.03991303744243928
1.5538899162067301
-0.27696864789851205
-0.0732927727731831
1.025334891678567
-0.26164580667231396
-0.6780861878648348
2.4100822395490464
1.9872234086880236
1.3283413441031
-0.516553344927531
0.2340227588804499
0.049320677693722746
-0.9963739921510298
-0.47201141470829255
-1.1752748493912983
1.2659695255167556
0.9797520886277795
-2.0565833085401812
-0.8184780370797308
0.5824140500041673
0.5160599044845622
1.1977880782423973
3.378206819451757
0.055774325905626906
-1.636361060712319
0.03369877682075987
-0.18482231398788504
-1.104506123304822
-0.05143048008968245
-0.22115099306374744
0.6018730440048767
1.5396801835875185
-1.7328853955927417
-0.5617293641638679
