0.21894948301826064
-0.6948985637100594
-0.23040717094959276
-1.3247397914662684
-0.14504722316555474
0.858403742855001
-0.2934290021556108
1.3638235134885903
0.1558140598612589
0.851386279680629
0.8431950929695825
-0.6315469871647266
-0.14966379364014346
0.47861671634586284
-0.08969379329315859
0.07783564522711067
1.5815900081492111
-0.22140053983989363
-0.13810466248416514
0.7064646623185771
-0.4773695382604108
0.452252188998432
-0.12579604971378877
1.08375888995141
-0.39117005911404984
1.6721910916389549
-1.5203308970826144
0.4463254093692239
0.1849565353586293
0.3374755419683492
-0.7129442364090608
0.9645569512519826
-0.0513009259311324
-0.3569910401978429
0.31919201965353045
-0.4622417719863819
1.4612354734330681
0.6006905721787825
2.2492118239265313
0.7007737855766989
0.9101165909884064
-0.5653137673394405
-0.6351073490708454
-0.828326158695968
-1.6379341974904855
0.25767678999321947
-0.8898149777845168
0.976539300865086
0.9290604993489673
-0.31824251193987013
-1.417352250577521
0.5667390551992201
-1.1910348206744223
-0.40897089489293614
0.10002932407958723
-1.7731198384043538
-2.426763979325531
1.436713165139802
0.47432421118157
1.0176856869659203
-1.1713754818911095
0.41632165162775375
-0.5098634965423561
-0.8666369130231303
0.9798568411125923
2.536233660268775
-1.4694000970696888
