-0.26366189815487534
-1.441263986285376
-1.4325343563317974
-0.6972511981940597
-0.7565846069093584
0.09652343194386165
-0.46864465250512666
-1.0456320355404014
-0.0337076869072141
1.1665321645166578
0.09438196652542562
0.3919169934196517
-0.5782345051284491
-0.5759176031394274
2.0575789753583806
1.1326890573253199
0.7502408873991726
1.6994274104734932
-0.6917527105848542
1.0082833555254378
-0.7256205473334666
-1.5712226515099768
-1.8453776552174757
-0.8615593725208082
0.752531182009493
-0.2572262375237268
-0.35048872663069447
0.41952784303758117
-0.9563500653704939
-0.2558236459052458
-1.8626306048786387
-0.37933475754392876
-0.27818045374773304
0.32625901176490346
0.09023713402105295
0.2781043190781148
-0.5612551225661341
0.22404523638659699
1.8192460429423851
-0.4521029301123018
-0.00029508262329114087
-0.5485440496367285
-2.0274712367392014
0.6073684079850775
-0.06445711062751672
-0.23302682154264426
0.6041161438856659
-0.90255727787805
-0.29014743317340863
1.1539321112509977
0.6815458673240158
-2.663262273543976
0.16342412485421398
-0.30240821008784813
0.48478932189731905
-1.4974447781736588
0.8800895750409522
1.727800358198024
0.3854277905312944
-1.22889844680968
-0.42814037949312117
1.0964164373798975
-0.0640902337813075
-0.14650689019664187
0.48645736609110424
-0.31384705140215735
0.40740039447703447
