0.792775843796241
0.35958519403427947
-1.3085869930046572
-0.9272668364839705
0.4073202600190892
-1.0074717350754838
-0.8836316852984879
0.09820972665045888
0.9533531582810763
1.2795672573542656
0.280119271747224
-0.05283668776258016
-0.12538854632646723
-1.0376018418411184
-0.36031460619225225
0.2537710271605267
0.3441015774783637
0.15151004455019057
0.41600753304694527
-0.4025940275866281
0.9151955033577824
-0.3779823975682923
-1.7412468489172344
0.18860496899437995
-0.9013394485728083
-1.037426093741581
-0.23605333617674137
-0.7306289870858909
0.7691722385050989
-0.6301334948606271
0.870906443978429
