2.4795376189633633
-1.4952357891980277
-0.28785112900020987
-0.08514703039604851
-0.014922905786435538
0.048128993484658676
-0.2633176440254402
0.6332039494368766
1.2773043786068692
0.07991011872860221
0.8363755871917795
-1.3860566471047997
0.28054066874757544
-2.948708052519468
1.457955824211095
-0.7208934047097745
1.9008457016378106
-0.2287223705444728
-0.8608880259367048
-1.0292260655755034
-0.996791727907925
-1.154944527341336
-0.1710135319190025
0.5319721811599327
0.19817925352896612
0.08994967720053867
-0.13047109248656838
0.7643629529598825
0.31748888388119456
0.2481747745917498
-0.13405034216530498
-0.2787968967860645
0.05835463302316494
0.14340312855532208
0.7843213182139638
-1.4161468566844597
-0.1143800490352252
-0.3498262514387385
-1.192048287008235
-0.9400005269465304
-1.7485648142752375
1.0237628094630824
1.5592052451776557
0.7325134099191588
0.5273153995851318
1.1389054384793087
1.6150290755952543
0.5084203956307223
