-2.440421197511845
-1.595803094154894
-0.5629137301047543
-0.9194443199667488
2.0488318937813372
-0.99876210630499
0.896701566313836
0.020288016663238994
1.5341656328738307
1.0258883009899311
-0.8325889437119184
-2.5477563006613786
-0.05415175107010096
-1.0513553995061726
-1.7490065314308987
0.8126570585442984
-1.0148368365487406
1.9450894768038185
-0.6062550718675878
-0.5292471992249435
-0.3276796141052272
2.845976916734066
-1.128249454710814
1.003335324705908
2.7605182609290515
1.6172313058037666
1.3356770815101033
-0.9313752536004136
0.5646508228631163
-1.137351352303938
0.21079008100566615
-0.3556105070183377
1.5776931271601211
-0.5119168847798091
1.6659082220783483
0.7467358805020082
0.17736887977895918
0.4840732585241308
-0.8258440294169441
-1.454616266980788
-0.31758859828922936
-1.0429085560431461
-0.0027363945245334107
0.8256693413713819
-0.867235097491523
1.6393690271156631
-1.6979705051559266
0.6686059202183756
1.5979097458027862
0.6606663668902415
-0.5273232267654014
-0.883129011849842
-2.165969921730149
-1.1066172655782072
-1.5375700396080962
-0.8013398602048277
-0.7396797839830362
1.2683855464338272
-0.8555022929321181
-0.8150073865454516
0.008802677729245707
-0.09362450658787116
-1.826526330705521
0.04686797730781106
-0.15937915958251364
2.8302855586232534
2.485641160845693
0.2655532146896857
