1.0336245723085822
0.22728225905617108
-0.1592622177826681
0.5035443995832738
1.0068799419728105
1.581011213495293
-0.870764053450247
0.13131658973697957
0.7437086554883124
0.8797923850596968
1.6074150322883913
-1.0260868204653026
0.030323608106955856
-0.07021682746181743
-0.6663181318018214
0.22372580022474678
-1.3282033826447919
1.1913652224849571
-0.3274228736947677
0.3447457571583047
0.44240925770891365
-1.450186210542205
0.5210948609261427
-0.4430467690570052
0.6918423463247267
0.27589338662967894
-0.5283781880329504
0.5186937672623689
-0.13528808644330934
-0.8088984613740271
0.11988032469718195
-1.0380989818003297
1.3009433763358542
0.3602964461621621
0.8977524065857729
0.20095317811637348
-1.6173101845569642
-0.6315657828280297
1.3642074716285297
0.19923407005579274
-0.4216356196083126
-0.845105044639207
0.15166932482509946
0.09748012012749152
2.0452862629715325
-0.37984400394281687
-0.7766181152924108
0.3073976636190679
-0.8565760402658521
0.9717224256925915
-0.09796477541659322
-0.8145893305879814
0.34298457371999963
-0.603287699485901
-0.6718182676337313
0.22118031003234112
-0.9523390584074868
-1.1809189322402116
-0.30255535849578136
0.6519599875192741
-0.3104987212481299
-0.07442487163812175
-1.2646294457996503
0.641280231526521
0.8800252860118186
-0.3864344632575258
0.31909400381170683
-1.5632261893216821
1.3763734673935266
0.10793637623831862
-0.9335999073203983
-2.4433370092353726
-1.0569542643431795
-0.49603730030770904
0.21836895278850255
0.9951539196345739
-0.7135327628707591
0.541353201991383
-1.628376053061127
