0.705792400613348
0.2788410252590492
-0.8483219017449246
0.5598024069874181
0.5127117359322323
-0.6773136939854689
1.527045156133428
0.3293437994327499
-1.6485853572161782
0.7967762709589992
0.25805139662938786
0.8055695851396257
0.6962748671970136
-0.17587771344040895
1.200217794668755
-0.9371480147188407
0.7935790053819242
0.6262350576462302
-2.427085771676352
-1.4743062314023674
-0.19191432846275489
-0.454808803461223
-0.4506588398452318
-0.032840568369083147
-0.15878670451670507
-1.6172434228895474
-0.3544477406192046
0.2867336008502642
0.22840225895332272
0.41124023944832044
0.6451282587744088
-1.6900769704928886
0.41985330678265814
-0.4478075598472505
-0.11531988059601463
-0.8453615231781864
0.08527098037697389
0.08186647344911967
-0.3962882567456861
0.76939327060953
-1.2789414966447084
-1.9867839893575547
0.8836383151326072
1.1671243522401575
-1.1248624569047676
1.235957095193506
0.1773948333584638
-0.8745834034026385
-1.3678997338021188
0.8838679027204442
-0.1751123376863295
-1.8529063750655907
0.323443613447442
1.0731508461092
-2.0985406385462864
-1.2164196061791186
-0.41114569763054604
0.9958955166684546
0.9568436557034744
0.6231882534462975
1.454690166864981
-1.0570458708045862
3.208515591670561
