-0.8140037387506064
-0.242134163096699
-0.14984956804751842
0.009613700485048126
-1.259552886430553
-0.823128245689166
-0.92553458307735
-0.037610531155017696
0.5457075157387573
-0.034386274676138265
0.6350712553013295
-0.5742446742804144
-1.6471291729877864
-0.1955225263553303
1.2356491019821132
0.7538967913147097
0.6351126225727719
0.5426817733197579
0.5290984015160648
-0.8797713287900777
0.5771084358607976
1.4474127711787659
1.0927718839420097
0.28142354329433156
2.1293470054561845
-0.40509038291627714
0.1725220718119796
0.5398254365239168
1.3714238913592407
-1.789025176259046
-0.11731740853200424
-1.0750223683853564
-1.2899935674792553
1.1992347475076865
0.8412301910139309
0.5471954867212419
0.8600229462830731
0.5706040066058314
1.52908171304965
0.5508363616593651
1.39657868260124
-0.28949616769871617
1.2903437295350801
0.2210871043119082
-0.5270793241210293
0.609980910169724
0.5505988494188755
0.9495150531957264
1.1415971787256747
1.9191844816060455
1.5691972608831612
-0.25398422249040403
-0.5688009282753006
0.025942049120256903
-0.8423941156374817
1.1578677590010071
-0.8514661694023565
-0.990946748186403
1.238452234236794
-0.6049758001757644
0.07915811393920881
-0.021966774111695078
-2.13473571731197
-1.1308530326047748
0.06922790440536397
1.2377861391701204
1.5691308917651063
0.04887949058487416
-1.4136714044643832
1.3742467799930722
-0.09602497461594821
-0.4460011443615928
0.026867368860599004
-1.185583456067088
-1.250983252856295
-0.3906509221234131
0.9442070200210324
-0.6289646684172333
-0.45446433131071223
-1.4417184214222276
-0.5051500977090086
1.875659265057211
0.07019839960592265
-0.76962364604212
