-0.5340768504688564
1.07039731330083
0.6507067117082472
-0.263648556649414
-0.23464670318412248
-0.10183224088877971
-0.08687849650633908
-0.4890915425930687
1.0540190954917306
0.7719870089929999
-0.5990208061317968
-1.275890518262129
1.0293827070162722
-0.2572847858742768
0.5366003619716606
0.524897089856782
0.4823625592844202
0.04969246546326074
-1.2908138924605936
1.1259725053907077
-0.33282486446464643
0.6536086889732446
-0.9744557017063759
0.8393146684752505
0.7218874880026965
-0.45827706551457004
0.9443834858820546
-0.5769706721832552
1.0744764382744325
0.2796479943584937
-0.14181227383322323
0.28568591648543445
0.22180895653119312
0.16029618746773264
-0.5615966341727583
-2.0803527329201428
-0.2116666183337169
-0.8462205533049255
-0.8440196451723876
-0.6351817802947504
-0.47877038190748067
0.2319288418693422
0.8048509675007188
-1.3690335857695062
-0.7633158425224037
-1.2772845505989108
0.518315501938307
0.8632017215898036
0.5972037365489571
0.26552324306578073
0.12425518521104709
-1.2534210848136913
-0.2996971400782724
-0.9068882939201733
-0.6613128568564954
0.21112194381104998
-0.8605551048003818
-0.1273910635590227
-0.2726714058256715
0.8748216781323908
-1.9837484549222892
0.8835966311063405
0.018395105025705776
-0.2515706327476911
-1.355022365408299
-1.3535991131360259
2.6509151405375624
0.4819784160964856
-0.4187691239441148
-1.1839693960926518
-0.6951167742461216
-0.15447392596284218
0.4521499803334922
-1.109842497286706
0.20540541888796032
2.1177279710353534
-0.37453841797621423
-1.5683950937746558
-0.41743913320213877
-1.345608372396068
1.3737127350066305
0.7099459386271195
-1.7497190923337893
2.5394512889137246
1.7510703349611954
-0.08457004070897992
-0.7537957008784117
-1.7198405983996428
0.7215095240173462
-0.9531798977001481
1.035890025646397
-0.6465988775377495
-1.471834973288927
