-0.04738307732033416
-0.15471790395480348
-0.002934937259779644
-0.30493980489634376
1.4187223556102464
0.7257165957069615
0.5635018541924895
-2.2626719517077167
1.6135141333711058
0.7649204755951917
-0.872963920144919
0.055262113998171165
-0.31071685216682465
-0.17137914513356342
0.6478469074880358
-0.5949443753775276
-0.7753809181744769
-1.2486428752334005
-1.4635671249503956
-0.47566225250829774
-2.3851763647059023
0.9136934220926445
-0.00317763691345041
-1.8213882281570093
0.4052165531837294
-0.8568937175810545
0.22759625223535418
-0.348953080080271
1.0988616577546484
-0.5519240524734854
0.3136958822519922
0.865473982505144
-1.4109730961845426
0.13680327344406634
0.009975213084514278
-0.16980697377542128
0.09443553547603666
2.1079410429186183
-0.7392371188958496
1.6368998020301015
-0.47634748541834426
