-0.3674878892108004
0.3102489747873511
1.1209010304143383
-1.1996335134773795
0.12599605821725635
-0.9629317885156752
1.5417189429948317
-0.4613938423653389
0.25037269510196025
1.357723489156423
0.2150169503817727
0.556223529215288
-1.0906172101386804
0.8916952772655216
-0.514842223758492
-1.0206098014244485
0.7398340396871269
-1.4650970149302531
-1.529834861737004
0.04359488010856047
1.4089858402090607
0.6768861184154998
0.6753348628445053
1.4627568053183992
-1.027302887218356
-0.5708000812190158
0.3960794243547607
-1.3305895720179286
-0.017557121033107255
1.0232731845611551
0.05185469482560717
0.4191902688117042
0.22248667517868165
-0.3618918829428585
-0.23731225677439344
2.316504123674141
-0.10263826730124294
0.08970286849042834
1.1661283063109906
0.49136892212572275
-0.5701276681212004
-0.641177769356852
-0.5629686108728396
-0.5041294611915417
0.6834630241133479
-0.26650861362415107
-1.0899296420263593
0.6968726022804481
0.7972995557691692
-1.2712510217706237
0.7248458177099786
-0.7824696780743352
-0.38673032451853595
0.2129227679167652
0.8280820991999437
2.175652629819702
0.6664391267455616
-1.3872065570990144
-0.066782261671125
-0.4988386606693976
0.7656835943226763
-0.8260389730198092
0.20583134424216884
