-1.7414202386785957
0.7371600826585081
-0.21899143126341666
1.6043578549643593
-1.47808860441537
-0.49409603487334297
0.06085172961461155
-1.2503485846677411
1.4272263309572677
0.49940760695905834
1.31363103322694
1.0369688006892421
0.4674284186965258
2.0693061523532155
1.7650740505505047
0.004712493444499908
-0.9048577281263191
-1.8602219493624206
-1.118831857080327
-0.5201836944207501
-0.17205224759501378
-0.24161338329091636
-0.12233031532740785
-0.7900088957901127
-0.9326008796335816
0.024675933387262983
0.212666141211564
0.0013441366271433309
1.8736072541541715
0.15109870400174483
-1.5749652079074203
0.18433178644858203
1.245728243095353
-1.235681996407115
0.11323239732440052
1.0204391308431577
1.107529857956834
-0.5858019657645368
0.26084703911950285
0.6010229448247312
2.299701594806307
-0.08260247458449752
0.7601281834789909
1.1159902100041796
-0.7171582006213564
-0.8194831813803231
0.863179352814328
-0.17344926788074544
0.1857827395056418
-0.5311819889584656
-0.07128989269530742
-0.00038927459000903783
-0.9039268604127292
-0.3558690833029769
0.06771468075610108
0.12673232822358527
0.7790073752120972
0.5042377174920664
-0.36492427341536315
1.8548128905114245
-0.752727361325289
0.5706250412963331
-2.1598881188030097
0.8937146649807162
-0.9898010508270135
0.25414816281838154
