-1.0716921175784775
-0.8364721416561571
-0.36264340441935744
-0.152052408397313
-1.1700152365326801
-0.25527497881214906
0.10074492731063553
0.04404954466146418
2.3850528796695127
-0.40579131227786236
-0.24453819430932464
2.257501868349714
-0.19986967738780373
0.32051353261851095
1.6447825224979273
-0.08043141530993621
-1.5085632314789734
0.3564898403287049
0.4939169496939688
1.3807798783565786
-1.0062319220558624
-0.11974639410899834
1.0601482695989064
-0.9250376725577789
1.1299820575023458
0.17232254080654202
-1.188776715288624
-0.6377873243925639
2.4912548653937074
0.7580493870087459
0.8106557929392745
0.14246806160002704
1.0811900664607292
1.8304554039569236
0.5318662720617576
-0.3322890770225386
0.4717155932375409
0.19973522200288346
-1.1687491458826054
0.39977674025843724
-0.7008224046938938
-0.334501076777344
-0.09014148089441246
-0.14453831870422482
0.8848669536589139
-1.1509225468589126
1.119188345810715
-1.4582340389588468
0.07358160282053289
0.9842518496424841
0.8421582343847015
0.9806269112878703
0.20865879066358883
-1.1204708896236417
0.775282067908084
-0.6786945508290834
-0.8447977887324448
-0.5125380815461452
0.3883845403855391
-0.5783365831900202
1.0098484457038854
-0.9513297855002539
1.8556921994335323
0.6725737904254541
0.361659667330333
-0.9218904845588628
-1.4253513113405492
-1.70162321832881
0.43284246270330523
-0.537958815957827
